0.000000000000000000e+00 7.635759075259579420e-01 3.988175095864431863e-01
2.564102564102563875e-01 7.658281199581803422e-01 2.879398883712809831e-01
5.128205128205127750e-01 7.090022232173013306e-01 2.168466597361778658e-01
7.692307692307692735e-01 5.878783973669173823e-01 1.862749345627267294e-01
1.025641025641025550e+00 4.038178357170979504e-01 1.821246690370323662e-01
1.282051282051282159e+00 1.651537737252748717e-01 1.859755676521545609e-01
1.538461538461538547e+00 -1.134877171783653382e-01 1.877845699325915718e-01
1.794871794871794934e+00 -4.128116187690261674e-01 1.852253844819577167e-01
2.051282051282051100e+00 -7.110771896026372163e-01 1.798540684668995804e-01
2.307692307692307487e+00 -9.864434886828886695e-01 1.747580523664307162e-01
2.564102564102564319e+00 -1.218960514403752970e+00 1.734417836388731649e-01
2.820512820512820706e+00 -1.391867034623947452e+00 1.798173943561693078e-01
3.076923076923077094e+00 -1.492093464439853134e+00 1.983072125502655381e-01
3.333333333333333481e+00 -1.510133002110844558e+00 2.318413441769268113e-01
3.589743589743589869e+00 -1.439651599506812429e+00 2.786207323569618310e-01
3.846153846153846256e+00 -1.277285566888766377e+00 3.315175035827047090e-01
4.102564102564102200e+00 -1.022990366568962806e+00 3.803317047683066332e-01
4.358974358974358587e+00 -6.810720655339289609e-01 4.146603303321061973e-01
4.615384615384614975e+00 -2.617200317816583133e-01 4.263810660020339594e-01
4.871794871794871362e+00 2.174360259898726055e-01 4.115152654621523354e-01
5.128205128205128638e+00 7.303980189450787197e-01 3.712730789553317923e-01
5.384615384615385025e+00 1.243138214146263243e+00 3.122146869018954107e-01
5.641025641025641413e+00 1.715616270386880027e+00 2.457875309839181455e-01
5.897435897435897800e+00 2.105495160086475526e+00 1.876234613293783493e-01
6.153846153846154188e+00 2.373122029164792757e+00 1.544004114591428223e-01
6.410256410256410575e+00 2.486950106356738743e+00 1.506320538998093539e-01
6.666666666666666963e+00 2.428369221357606467e+00 1.613990225190720662e-01
6.923076923076923350e+00 2.194953948123698595e+00 1.722263544298173465e-01
7.179487179487179738e+00 1.801427701652581259e+00 1.795811133452896169e-01
7.435897435897436125e+00 1.278105047763090196e+00 1.866897826514246905e-01
7.692307692307692513e+00 6.670911890712635239e-01 1.978059009326825213e-01
7.948717948717948900e+00 1.695423970605725722e-02 2.141400336119999581e-01
8.205128205128204399e+00 -6.231615100948206809e-01 2.329133033058861657e-01
8.461538461538461675e+00 -1.208991268809706421e+00 2.490091594931017338e-01
8.717948717948717174e+00 -1.705374019194969781e+00 2.573407766285328857e-01
8.974358974358974450e+00 -2.088774294362173212e+00 2.558381156635730624e-01
9.230769230769229949e+00 -2.348001594629310684e+00 2.506054639024534181e-01
9.487179487179487225e+00 -2.483349317531460265e+00 2.624603747221134764e-01
9.743589743589742724e+00 -2.504586169789799310e+00 3.200057900415829715e-01
1.000000000000000000e+01 -2.428313360769289275e+00 4.320536326101735991e-01
