3.148260117096690625e-01 7.109807518369799517e-01 2.999999999999999889e-01
2.724414447248155735e+00 -1.486068756744095332e+00 2.999999999999999889e-01
6.255162218889475767e+00 2.278696485390185433e+00 2.999999999999999889e-01
3.502560311131665216e+00 -1.450575657991976852e+00 2.999999999999999889e-01
6.523504058636104830e+00 2.820376510597558894e+00 2.999999999999999889e-01
2.022783063749502563e+00 -9.545914334096149423e-01 2.999999999999999889e-01
5.740823582128616209e+00 1.680354108265607938e+00 2.999999999999999889e-01
2.445030537429921935e+00 -8.619706792754311397e-01 2.999999999999999889e-01
1.144090299490395646e+00 5.148777932934870405e-01 2.999999999999999889e-01
7.286365452825915412e+00 1.666004628655664677e+00 2.999999999999999889e-01
8.506592842178468672e+00 -1.309760282627767225e+00 2.999999999999999889e-01
7.478843320467341904e+00 9.850613897398805552e-01 2.999999999999999889e-01
1.035878042773085150e+00 3.704546082035382604e-01 2.999999999999999889e-01
9.616444543961909730e+00 -2.561690091734990737e+00 2.999999999999999889e-01
6.215980676385556514e+00 2.599686934367470226e+00 2.999999999999999889e-01
