2.773810597535126821e+00 6.359494265037701766e+00 9.815736778665836715e-01 5.447653366408355263e-03
7.431190539243828219e+00 9.793945692899200139e+00 5.202935513584893146e-01 7.977084270630197677e-03
8.218053659685420342e-02 7.512879856650778176e-01 1.566535748158815952e-02 1.591160715089559238e-02
5.236972930433122286e+00 1.475889560214848073e+00 4.782175294005854005e-02 7.079811165387030550e-03
6.048311013500015321e+00 3.924955999113841631e+00 -9.138226692105744231e-02 8.456760322653316189e-03
4.572747755323645080e+00 7.496655026213931095e+00 2.681025276022393489e-01 8.250484200151547015e-03
1.668085559302368015e-01 9.754459397035734725e+00 -8.731083670506804839e-02 7.556200097262519982e-03
3.991389337617126998e+00 8.983848002033328228e+00 -8.193824107954756908e-01 5.259447518113071970e-03
2.766320614049926352e+00 6.866619816696639678e-01 7.732847214668943092e-01 1.252963372198044774e-02
8.332078229887139642e+00 1.589592062181026666e+00 1.172701040834282088e-02 1.020005006401060801e-02
3.957189616185544878e+00 3.519741925479440425e+00 -8.317170394781947529e-01 1.109722159108770742e-02
3.092071832061135339e+00 7.604469347544702273e+00 2.510692055412881984e-01 7.912560637895070872e-03
1.062396025686953571e+00 2.367662968826137693e+00 -3.710603341163515867e-01 7.805158381823001576e-03
2.609026711176451130e+00 1.922052474313372672e+00 -3.374884244972883862e-01 8.122097137058883337e-03
6.438445457995719323e+00 6.894952955114669990e+00 -6.456681831203844868e-02 9.198997188492180621e-03
1.221459111260327912e+00 2.919936483417781226e+00 -5.466806880264369894e-01 7.711640654257291214e-03
7.837322890859482527e+00 6.708302838521703393e+00 -6.503999314991814051e-01 6.438788675073539580e-03
2.038679828159524199e+00 2.459746200843047070e+00 -6.420298591117729048e-01 1.098698750891034630e-02
9.343119844096513305e+00 9.747163400185666404e+00 9.298648289494069186e-01 1.268551641837997734e-02
1.439239832985955703e+00 9.001673181314640004e+00 -5.931875440102798436e-01 1.021029176102629561e-02
5.267014616533814753e+00 9.274255830964557745e+00 -4.831960083589605937e-01 1.015446602971275744e-02
9.330784104830907921e+00 9.803527461735132675e+00 9.346792727099849651e-01 1.004448294522620327e-02
9.628101421062117637e+00 5.937960169469502780e+00 -9.395917634283134090e-01 1.113671535142233930e-02
6.894845882502682599e+00 8.640342946904430832e+00 2.196487111280599758e-01 7.929571615425536762e-03
7.763531575769206050e+00 6.419397026179733068e+00 -6.672063024074852411e-01 1.039847871328283650e-02
8.136424956986072488e+00 1.397230076089043260e+00 -1.267620590473245712e-01 9.552050477126235520e-03
7.115459495157483438e-01 8.782977259062352271e-01 2.096775874477090351e-01 1.037593847377347826e-02
8.551436260111932697e+00 1.593418012074833134e+00 2.457307740770872662e-02 6.885781377933736930e-03
2.177494214224391378e+00 7.741973991702765900e+00 9.814953945405638369e-02 5.971342472451371571e-03
5.718366853319314380e+00 2.054777681415156376e+00 -1.299972191020455081e-01 8.442851178141370927e-03
1.539223554964519458e+00 6.488330370412789705e+00 6.817612992641287617e-01 1.016550080010937378e-02
7.519625180521357422e+00 3.825989665361126946e+00 4.475600649107618345e-01 1.246775913270798189e-02
7.178457404433581601e+00 6.731072470664411611e+00 -3.865454170407636725e-01 1.408414017609775290e-02
9.979225386980246526e+00 3.153363447810626496e+00 9.559688018109847585e-01 8.862704006614825769e-03
2.466973892360878828e+00 9.045437116342707640e+00 -8.730208294368047017e-01 8.251822327647739472e-03
6.940934331441901861e+00 4.350474275465893825e+00 1.046748602154836255e-01 9.621789765060178787e-03
8.313913150282437048e-01 3.897719978311935396e+00 -3.034678676957596744e-01 1.053814992636184326e-02
9.385043068904368013e+00 6.414922021041181921e+00 -9.850431517100508572e-01 9.489665399144607549e-03
8.910985229878328084e+00 7.318784572924304399e+00 -4.847184367009870765e-01 1.184326980137174329e-02
6.759909862138709258e+00 9.635301480584283595e+00 2.043342396073681289e-01 1.401018935538345112e-02
4.928910389633294642e+00 1.063408176845054287e+00 2.971588568223514915e-01 9.302040736082246505e-03
5.492689510025461352e-01 4.871311150487267483e+00 4.089374697110893103e-02 1.179913774914287394e-02
2.673920881092187507e+00 4.454124656205427968e+00 -2.625149440557530967e-01 1.021041890446185152e-02
9.681898315763046270e+00 6.892853067824944446e-01 -7.901317346855661894e-01 8.708685810278563727e-03
6.174999359987388914e+00 1.010160133855034781e+00 3.059939434048080872e-02 6.512766225406660045e-03
1.163213778353255901e-01 8.704356220670061983e-01 2.964492083207212816e-02 1.048937216782633644e-02
7.404713717934399142e+00 3.030834778385993467e-01 -4.897243216020506495e-01 1.091414305127513806e-02
2.081530949826912114e+00 9.346224554186665756e+00 -8.458252055628707744e-01 1.134281745407916299e-02
5.229837329719545735e+00 5.025307109100870306e+00 1.607846869785771182e-01 1.157386586196428903e-02
6.118837061641460906e+00 4.227009793657854342e-01 8.022758734038146211e-02 8.800589346091529722e-03
5.096997454216442236e+00 7.866930583246123376e+00 -1.588692617178538713e-02 1.056534625053292750e-02
4.082487158782992509e+00 1.129565429203202021e+00 3.818792331546474461e-01 9.880189247184830922e-03
5.001971548341844098e+00 4.652096072591762166e+00 -2.412624242484844722e-02 1.170008352431579392e-02
2.749703607496075897e+00 5.541966367278461369e-01 8.534521829219496869e-01 1.142291875540347307e-02
1.701675841601142380e+00 2.233775731122866759e-01 7.332706417550213240e-01 1.067600063877332042e-02
8.300794915508934224e+00 1.801647512253026218e+00 2.031027482110586979e-01 1.238696251602034414e-02
9.670162703160395168e+00 2.614004493738212531e+00 8.624655494079839224e-01 1.203979456271653606e-02
2.223811334931510508e+00 1.166228379583722496e+00 3.549704725080215506e-01 1.009479780908692677e-02
8.386238869589929479e+00 1.051327008694669107e+00 -4.277047778650299170e-01 1.181049010009106552e-02
7.135033164559629881e+00 2.611625225742652212e+00 3.497690942618525978e-01 1.080504050840488429e-02
4.504406675218204370e+00 5.859037380501660230e+00 6.999510686212576660e-01 1.443688382301050108e-02
6.679186918068591439e+00 6.199165870667039613e+00 -1.821595116689501970e-01 8.189644520201780353e-03
1.930636451222215166e+00 9.439173500688877283e+00 -8.295244307617979374e-01 1.062486525969390250e-02
5.145106573166322583e+00 6.065042842467356365e+00 5.113087984395491281e-01 1.266500634439182010e-02
7.208361572805940476e+00 1.286494711162582405e+00 -9.987218561737362665e-02 1.366238129455056745e-02
8.530245338621579521e+00 8.571458269904308480e-01 -5.863234592772723630e-01 9.872537124297290148e-03
3.396724709138516651e+00 6.154770179150032661e+00 9.725248587751461615e-01 1.274872825435778220e-02
1.614785323413336915e-01 8.199722323993889006e+00 -3.093861688776858299e-02 3.519506398068872506e-03
6.032182663949919643e+00 1.264564223661723830e-02 1.287337490923551875e-01 5.200177759575860814e-03
1.291609155742521331e+00 2.312682237151248987e+00 -3.934654960143298963e-01 6.489976679893115497e-03
8.262098492213368672e+00 4.142555721285682502e+00 4.549894240405186197e-01 9.500003640739350386e-03
2.101627697220513014e+00 3.206446773439723952e+00 -8.760915030132363501e-01 7.901625582514124405e-03
7.637828188821305098e-01 7.692677331965694698e+00 6.404469157433627380e-02 1.131633336494599837e-02
6.519869301362540170e+00 2.070536998029330000e+00 4.576375386905418008e-02 8.244031625927267237e-03
5.023451486232938024e+00 3.634056290731715322e+00 -5.278836873341266056e-01 9.640334113480752976e-03
3.977231912092297428e+00 2.245474983314025508e+00 -5.768534869791451802e-01 9.123465610683270319e-03
9.533371970564679998e+00 1.176133044445789588e+00 -3.866365406777325098e-01 1.322444106051406942e-02
8.252184842146622401e+00 9.392455078644335487e+00 8.254182203564245368e-01 9.844083868836147125e-03
9.736270818369556324e+00 9.535852952613073086e+00 9.854437742356334518e-01 9.704207262262848008e-03
4.222175733445565626e-01 7.931753980154092609e+00 -2.014702942331113994e-02 8.306718732629000262e-03
5.110088454983595874e+00 1.006805733829131411e+00 3.035754432943248426e-01 9.499336942717340540e-03
9.685684914471681672e-01 4.525369932884721003e+00 -9.852142598899275849e-02 1.205126744922079170e-02
5.387701383347583750e+00 2.450513876179727379e-01 4.218525296441156813e-01 1.056573859197615720e-02
7.371674042299535046e+00 9.241889334379735033e+00 5.057456330278113921e-01 6.215452874507794087e-03
4.502888389813625380e+00 5.632959247035374872e+00 6.129603470980176105e-01 9.450166740041777286e-03
3.871534807263428135e+00 1.947822724086452073e+00 -3.410936385587102770e-01 1.192458422122676109e-02
8.997590632194809146e+00 2.135921445884636505e+00 5.374676295512359481e-01 9.429012288161526395e-03
3.613229896705091093e+00 6.037930652749002647e+00 9.343045561871262672e-01 7.886938641096144509e-03
2.847062652788669990e+00 4.678769794823914197e+00 -3.035247305177321206e-02 7.952074055593083904e-03
9.325987954390939194e+00 1.653267229083977830e+00 7.070122897824941688e-02 1.052285506349105552e-02
9.638093595748625120e+00 7.040452253649143177e-01 -7.544483388850412586e-01 1.105026050332216271e-02
5.855364105709189637e+00 6.463725802467833681e+00 2.087759517640294105e-01 8.779424392488532208e-03
1.674170013505293930e+00 3.842610651857834903e+00 -5.631560133217970998e-01 1.026190547029030148e-02
5.961919654339007835e+00 1.917010447902554038e+00 -3.787240662237596756e-02 1.340056922658285771e-02
1.625537726093810864e+00 7.126632710030803786e+00 4.935030919473479272e-01 8.639680659045405331e-03
6.793420389071306076e+00 4.301634095959846249e+00 1.064360400989739774e-01 1.223721759668209945e-02
4.003787772055655836e+00 1.237321724685646052e+00 2.969473775946838701e-01 1.064241353476026025e-02
5.539240249816835160e+00 3.202239123366025453e+00 -3.569763825480027908e-01 1.112220326045071372e-02
9.657309065733201692e+00 6.832386203502553990e+00 -8.535184188224262947e-01 9.826083901934687739e-03
6.361003001585277872e+00 6.163147108016793219e+00 -3.582679358019738580e-02 9.223565870178035073e-03
4.952751741415651665e+00 7.244134966433678713e+00 3.661805558719600229e-01 1.007680185136631060e-02
1.707568328451217754e+00 1.683793283333275825e+00 -7.817964184002391959e-02 7.380028796292173107e-03
7.287527246110992785e+00 6.292520261605116794e+00 -4.808362455162119575e-01 1.012273024682924967e-02
1.195759019146920288e+00 6.542242889387649640e+00 5.454332375761097307e-01 7.642052413194960758e-03
8.847959781585565509e+00 4.961352658495292722e+00 -2.471214968861827899e-01 7.333843605504066637e-03
9.086259155204972515e+00 4.994681303458888166e+00 -2.609806149206514991e-01 8.461758128447800786e-03
6.297238210349287435e-01 5.812644108344311888e+00 2.791557955613095388e-01 9.084276958207321284e-03
6.731355294260516153e+00 9.812701535104544348e+00 2.001503021828140161e-01 1.224665478120662634e-02
7.910771560134651992e+00 8.099496375467676756e+00 1.777783730225299119e-01 1.231152802868270245e-02
5.220324812940321024e+00 3.465829662324129146e+00 -4.915220350187964327e-01 1.053661920444447057e-02
6.856203298133547008e+00 9.745728138482132152e+00 2.532740635230433801e-01 1.091708683396078357e-02
1.432213511892749258e+00 4.076049020136371936e+00 -3.525695314648922274e-01 1.102190505239735926e-02
1.645623084903532485e+00 8.189351485031924227e+00 -2.493705279955384935e-01 1.154543332090091426e-02
3.872534304796930726e+00 4.100117207864406588e-02 9.297982859171994852e-01 4.309327842697798644e-03
1.740841768680451151e+00 3.105228254488745510e-01 7.303938916829859629e-01 9.943030559429454421e-03
5.946509163598996395e+00 6.943836933869328654e+00 1.296847141760305577e-01 9.600673265025746680e-03
2.081226056682011993e+00 3.748519947312047851e+00 -7.188866256148593870e-01 9.049474017565997327e-03
3.223741734028209294e+00 3.171744081624092715e+00 -1.017233844479782379e+00 9.882792696736255114e-03
5.452700374115205584e+00 7.881618276419492197e+00 -1.112202184071026285e-02 1.006655357378270256e-02
8.869469205756555397e+00 1.352440222268964654e+00 -2.215429696636661561e-01 1.410250005615382857e-02
7.687086935440895274e+00 4.630798134957357703e+00 4.558424635523560670e-02 8.362169943508773740e-03
5.125886156395398352e+00 2.750345677779422182e+00 -5.024673864531201684e-01 1.064819139774331527e-02
9.836051972865464066e+00 7.252982191762860076e+00 -5.543046576184876839e-01 8.257776891251384851e-03
7.480796007579670892e-02 1.493009282560007200e+00 1.182219607123960459e-02 1.006634759445196141e-02
9.065423731216680991e+00 5.504456660466871654e+00 -7.269689221714853433e-01 1.032479316093707321e-02
5.692187774209899409e+00 6.970348909672465787e+00 2.328597692152870324e-01 1.004664843380856376e-02
2.225063410920598006e+00 8.137134170715555115e+00 -2.336307299594890252e-01 1.468328035564177986e-02
2.520034196668907711e+00 8.861746343066132070e+00 -7.968719103908197265e-01 9.620878115670644312e-03
9.973395669462265190e+00 1.898354568246438667e+00 3.270106156660581020e-01 1.026988123095288856e-02
7.369283835994464127e+00 1.779910868701625182e+00 1.046068233775976353e-01 4.611588680322537687e-03
6.443777726048466548e+00 5.075281098909930400e+00 -1.324481042390561296e-02 9.875166264287206161e-03
6.845956569849867890e+00 7.461686923920697545e+00 -1.030710768260766352e-01 1.021447839023727905e-02
8.838186727147393285e+00 6.137085516357995374e+00 -9.566694770318620034e-01 9.001034182450830257e-03
2.723321373384056443e+00 7.421553496086270130e+00 3.927620383199664778e-01 1.322684437278048158e-02
5.273064832746120700e+00 3.956147248300494468e+00 -3.518394651532042450e-01 1.321467843993360397e-02
1.856217336811663010e+00 8.560525380103813475e+00 -5.213572183083646783e-01 6.428401523051635244e-03
1.964470123232633370e+00 4.570563363397223355e+00 -1.234911593709637906e-01 6.376554402630669680e-03
9.007161535860467083e+00 6.394287915099631014e+00 -9.773136782621240082e-01 9.495905969987901429e-03
5.566580613968953983e+00 5.934646586463163231e+00 3.270896979878158972e-01 1.237150122554483631e-02
6.768901081879508119e-01 6.476096352489423502e+00 3.212579807457282000e-01 1.400914980300189266e-02
1.694229046402937477e+00 7.695235667602529972e+00 1.098061400563271339e-01 1.069560614975232846e-02
8.487591463486614529e+00 6.663145996728961684e+00 -8.276488296500897901e-01 1.185238003096785592e-02
9.522456082082760176e+00 4.797883309278310193e+00 -8.550958567383110109e-02 1.456594633908954092e-02
3.798739128706414281e+00 3.841061130308292881e+00 -7.173188078112161525e-01 1.665386910369907533e-02
4.574758136896343252e+00 8.780753367882933702e+00 -6.180961927142093471e-01 1.094162047010728903e-02
8.403360555943246268e+00 1.662135952465640942e+00 6.041543095941357550e-02 1.023324100605124340e-02
2.730334710296065115e+00 8.906362022493574671e+00 -8.473469781808027346e-01 1.109312400598322021e-02
7.926024200364667038e+00 2.306965429791341116e+00 4.845035429059126320e-01 9.514665914290079685e-03
3.781918080499082624e+00 8.163385192438084914e+00 -3.025387635897240912e-01 9.970067059620587105e-03
9.721400464784931472e+00 9.773275886414619862e+00 9.155235673316536316e-01 1.292991685114257272e-02
6.872564865853053817e+00 6.684584513268523764e+00 -2.611083541967571531e-01 1.123819076125147885e-02
8.198120918312563177e+00 3.988768172318857275e+00 5.563673353684508438e-01 1.174717576438211869e-02
7.493580101808095861e+00 3.749783795601397962e+00 4.614148969149834967e-01 9.180697823245464670e-03
9.384559173641363827e+00 1.393236479210349099e+00 -1.749015902966058189e-01 9.101760462784476077e-03
7.747472509573018584e+00 1.071817829365996344e+00 -3.219525049710056930e-01 7.172486337143083035e-03
7.844400588279881958e+00 4.976096622784309531e-02 -6.988619133501168257e-01 1.191519915682751930e-02
4.843194902503029198e+00 4.879938808769859193e+00 1.067103871968126255e-01 7.825614317428251920e-03
5.924899250144298080e+00 3.702488654218039077e+00 -1.440515357800309648e-01 1.049687684584342008e-02
5.688217099451503778e+00 8.608894893780412616e+00 -1.945051087991868655e-01 1.125483025835515537e-02
9.050372293145956704e+00 3.768747293730049464e+00 8.181334954055490272e-01 9.748392178320894330e-03
8.077641238565202997e-01 9.369154525493403440e+00 -3.964232080711005413e-01 6.124649040387184287e-03
2.567408436910025848e+00 4.261463348786170613e+00 -4.489125509014616489e-01 1.007559885883466122e-02
3.186075722010317524e+00 3.859967798667254257e+00 -7.331008610823283034e-01 9.968113023171229492e-03
3.565901560547476201e+00 8.331142522370771353e-02 9.794616437727464708e-01 9.342264019042164844e-03
2.023176367163049605e+00 3.527607862050607945e-01 8.069505316853862187e-01 8.791461361785274028e-03
7.670117804965581598e+00 4.999125569154619697e+00 -1.841919927743278507e-01 1.143996448698829729e-02
6.005877770935942550e+00 1.058957709558114857e+00 7.380005166113906556e-02 1.092018160183905011e-02
1.497752404748320387e-01 2.531987608403437839e+00 -5.315532716625454013e-02 8.366361970905487194e-03
6.160936283893395427e+00 6.031434852436984073e+00 6.423843799548842326e-02 1.092053892250650915e-02
5.406142432048310908e+00 9.888283494476926450e+00 -3.543183093976161602e-01 1.001304885765085494e-02
2.586304112496280450e+00 3.063347365968835945e+00 -9.589425042724634141e-01 1.041458802553060781e-02
9.116934460054416434e+00 1.288746781924845486e+00 -2.770837351469134791e-01 1.321798853373756105e-02
4.026691682732889355e+00 1.121275041859031152e+00 3.955928500683231208e-01 8.864723568901982514e-03
1.048066820416704292e+00 5.930959364345955720e+00 4.785957804241496305e-01 1.153544791266750830e-02
6.677038816354585293e+00 3.490232202855361177e+00 1.858009359093476531e-01 7.910569862595173349e-03
1.929473296542391081e+00 4.902925149863818000e+00 1.602818314581785364e-01 8.194768731011329438e-03
2.999660072515908382e-01 7.795916101858418656e+00 3.280275750879545205e-02 1.108535817909675134e-02
9.773158923900210127e+00 5.331176449606967793e+00 -5.619164102541883699e-01 1.013648986663062516e-02
8.921756671816373441e+00 3.299423953848338087e+00 9.463790229550127497e-01 1.007123104062630781e-02
4.431317400626002545e+00 3.743362204832789697e-01 7.409664517932762484e-01 1.281819355339457872e-02
4.064410131837091988e+00 6.551549848345442406e+00 8.534577895878915355e-01 8.000391706021760946e-03
6.692019837453030640e+00 4.985364879480826517e+00 -4.362487680325657924e-02 1.081269148165699134e-02
9.057654811034391074e+00 7.084303183826094141e+00 -6.823092156538667075e-01 9.981701057359782664e-03
1.049752881438806851e+00 9.618453446502430282e+00 -5.004421247036276998e-01 6.454514735122584071e-03
4.720253308169001016e+00 2.874348231207291882e+00 -6.845930705162945884e-01 6.595994605750856582e-03
4.284580265929608167e+00 4.039196108138275676e+00 -5.168955371171647384e-01 1.096282632385603417e-02
8.466973094039209613e-02 8.597663378436646298e+00 -2.027385255266253225e-02 8.907734720876478787e-03
3.313956886191538054e+00 9.478368572231293143e+00 -9.849565208281377826e-01 1.103105776810320814e-02
9.365731875555272090e-01 8.101622530550507406e+00 -1.053859797474712978e-01 9.946076235277582014e-03
3.843142366335246862e+00 7.985646219215920993e+00 -1.073094753287222175e-01 9.402505711634350644e-03
1.414563178061530868e+00 8.034929003308819873e+00 -1.247771631290112287e-01 8.769195947422363246e-03
5.820642207319288275e+00 9.075746890680987278e+00 -2.097042314404151120e-01 9.863219270054918858e-03
2.855984904264825541e+00 7.070199505062507939e+00 7.041116422348223658e-01 9.539404311817784726e-03
8.963322359553439256e+00 9.470238297828286633e+00 9.560037321065805171e-01 1.001109242262709226e-02
1.751090977055097531e+00 2.543443429677044954e+00 -6.378699315785143487e-01 1.055731010879227064e-02
6.584477357512689366e+00 5.022517315566030760e+00 -4.616574428387931750e-02 1.017368585791657634e-02
2.346893446118451187e+00 9.908559534981055350e+00 -8.226156246223843560e-01 9.243172479453139537e-03
1.344942216933152634e+00 7.063860088009443761e-01 4.663055557731210499e-01 1.074979727339097149e-02
8.837841126178982876e+00 8.838831129288598376e+00 8.034282034869624223e-01 7.528163880498402530e-03
3.091334880945184604e-01 1.149616524558820796e+00 6.794021277940677506e-02 1.141087100186235354e-02
8.721271909003620593e+00 5.432081761150781674e+00 -6.230226076603997409e-01 9.336102268721035644e-03
8.640822639490396639e+00 1.425852807009185819e+00 -1.200566943803710457e-01 7.923514162596206889e-03
5.123182188314251206e+00 6.524437235095373211e+00 5.348584426611142639e-01 1.126572062528113927e-02
2.145722251629647914e+00 6.110502391702494762e+00 8.568530849252433690e-01 7.028419799538505874e-03
5.818249533759601633e+00 7.793611811438049486e+00 1.407314901821710845e-03 9.319856301663714468e-03
8.292935020510105559e+00 7.425569643688686661e+00 -3.397527325853162417e-01 1.046473371796888437e-02
6.406432005819608477e+00 7.778740888208471205e+00 -4.718359529694654553e-03 1.094177626657380324e-02
3.192712354342627457e+00 6.799697655106905714e+00 8.796269468129498392e-01 7.921447260434557464e-03
5.278169400783573550e+00 3.108972068308764047e+00 -4.709984932379204792e-01 1.092391261015090986e-02
5.393976234784608081e+00 6.764399984053501846e+00 3.810992995176812337e-01 7.601620120804401110e-03
7.860364841505558253e+00 4.465052403923119861e-01 -6.340516588150457711e-01 9.428876468626569071e-03
5.206977720879026883e+00 7.593606076873765431e+00 1.316931670345263261e-01 1.075785115115862611e-02
8.793042278089313157e+00 1.869478030680052916e+00 2.932309652697217550e-01 1.171728230674368848e-02
2.788553796151498343e+00 1.681078581189232590e-01 9.712619610812861515e-01 1.144918410101783413e-02
2.814127276060551797e-01 6.903182261593888924e+00 1.240403918949412598e-01 1.303233856488780415e-02
2.552220206568587280e+00 7.107267707456608186e+00 6.244623847605319522e-01 1.346055804208193783e-02
6.077508088816232501e+00 2.576650736973082889e+00 -8.739720361945084448e-02 1.222300814192373714e-02
5.120448468880216097e+00 6.860599093851816654e+00 4.458806843349571447e-01 8.957655265083755425e-03
3.660852162793121423e+00 3.972493527840283978e+00 -6.587340049360180805e-01 8.285196599721949065e-03
2.260110738541465381e+00 8.369776010329605498e+00 -4.580028808641365967e-01 8.910898895606334316e-03
7.940055744223947443e+00 6.010674236394975001e-01 -5.964391142637200938e-01 1.186654743654693041e-02
2.875526333517765210e+00 6.522216243372347400e+00 9.644452960783668205e-01 9.353959938866736323e-03
4.443894147309289444e+00 5.648415845649123135e+00 6.333921791869052687e-01 9.973459584148251095e-03
1.838195843772179039e+00 7.002552233304126794e+00 5.823768232631686415e-01 1.156869920421069002e-02
5.152045540837579818e-01 7.813885576225398921e+00 6.256894463921858218e-03 1.029536674007779443e-02
3.325902439592503868e+00 1.886149282018845241e-01 9.641937989302131751e-01 1.093354029459053453e-02
2.466983008915582865e+00 9.510459391038274646e+00 -9.412682295741482408e-01 1.007460206340264099e-02
2.946964613141325184e+00 3.056559700141314728e+00 -9.826452192744300485e-01 8.537669405399047132e-03
2.718763060273672316e+00 3.555357562533064453e+00 -8.907352384437079440e-01 9.400999470017195464e-03
7.685612951402470472e+00 6.896704156678189257e+00 -5.217155678115211748e-01 9.839140089501602002e-03
1.862640843022207449e+00 7.962228476307093850e+00 -8.651786165085009750e-02 1.380338099616997688e-02
9.452601635118636381e+00 7.455920148892957400e+00 -3.994502586328008142e-01 9.423220090501295207e-03
1.409786949286876423e+00 5.025181998492859847e+00 1.971791633465934390e-01 7.171926219696186933e-03
9.652198189163147646e+00 1.729496067464514342e+00 1.611645600988361737e-01 1.018626929511665113e-02
2.101016929800447741e+00 3.535990163150350973e+00 -8.104412594240084644e-01 8.276196501241986705e-03
2.258513459534220225e+00 3.400813627599508226e+00 -8.766407277817930277e-01 1.050654268023573125e-02
9.227556743149566643e+00 2.707887587766255599e+00 9.125700832535995621e-01 6.313166958151358865e-03
6.487164807563603475e+00 5.843584236476550231e+00 -8.477472369792707352e-02 9.226263290976815731e-03
2.913852594305530452e+00 7.028947084702231507e+00 7.295186398118702620e-01 1.088304294599965437e-02
5.131765418271339030e-01 1.362323588168856681e-01 2.614344771833288505e-01 7.995122549328307140e-03
5.847868384282762122e+00 6.790738123018888572e+00 1.845218405077105883e-01 1.243759424769197257e-02
3.649653984877887503e+00 5.497476436817551715e+00 7.060525292900691197e-01 9.203281510347268574e-03
7.322019069481151554e+00 3.303057358670221433e+00 4.721704468365324203e-01 1.400664763917654904e-02
7.101071283697551806e+00 2.232971623886823576e+00 2.301747924029823034e-01 1.141618970488904143e-02
8.661889440497873238e+00 7.675162952132724925e+00 -1.573072943563037229e-01 1.245661672197785272e-02
4.172576550131830153e+00 4.573428004271632652e+00 -1.060293585942452405e-01 9.890139870562975055e-03
1.232875990063816429e+00 3.920991622752651118e+00 -4.078310329377679566e-01 7.560751129105137275e-03
7.127667491286631574e+00 7.445342705456921450e+00 -1.621946001138227234e-01 8.315671995966146535e-03
7.406430515132388592e+00 6.584621472611153159e+00 -5.120720738151974816e-01 9.863659172115591192e-03
9.625506695622796371e+00 4.124949107417874572e-01 -9.069756378276553344e-01 9.973442361100818415e-03
7.476297657365758020e+00 2.773250147839511293e+00 5.409761664631168587e-01 1.018673290186598683e-02
6.279560886154800237e+00 1.154467067350772869e+00 -2.267590981402365074e-03 8.263365665174974076e-03
6.784911840984231279e-01 5.379192005303112811e-01 2.907000870691903716e-01 1.031132899057752433e-02
2.339996828867628942e+00 2.060969449753768945e-01 9.033734858983097915e-01 1.200198282359283934e-02
7.995119421565063611e+00 9.244546771216166192e+00 7.469580317262241032e-01 1.070211827711420143e-02
5.579928836038483553e+00 5.110552116756591268e+00 1.369356868618310519e-01 8.117894434458840930e-03
8.480233909690582550e+00 8.311168556713081301e+00 3.949244469776863609e-01 1.168136124633635010e-02
4.078251001542665399e-01 5.003332244763122105e+00 6.348905695694435913e-02 9.771521235686761800e-03
1.771318085713603496e+00 6.239959026433478328e+00 7.807048332973085536e-01 1.000639853890987994e-02
5.795500658295318352e+00 7.643864760742179243e+00 3.901706960829940535e-02 9.818074436249393799e-03
9.020879305973929618e+00 6.029269639054772867e+00 -9.467979208509152977e-01 9.079022674709894686e-03
3.403090833833122275e-01 2.685406550067853892e+00 -1.413066031578245618e-01 8.005729795909317242e-03
7.328396163764838711e-01 9.874818544002309295e+00 -3.309353479658170283e-01 1.087448384001499582e-02
5.392218697347985312e+00 1.178251404653414269e+00 1.830073104779567639e-01 9.978525361853363487e-03
5.989940743507258247e+00 9.299719933493360458e+00 -1.353687476334221873e-01 1.270663277537613725e-02
7.967776303977779584e+00 5.149303408907324187e-01 -6.545809723849667083e-01 9.944879465941488736e-03
6.411800670492739940e-01 3.063247485432130102e+00 -2.951271923687939225e-01 1.254527003397628085e-02
3.994482208993297423e+00 6.695704383918657854e+00 8.312875935679635564e-01 1.287658209992176631e-02
3.131675802840047318e+00 9.163497182562792887e+00 -9.548220845933510503e-01 7.928535323190821771e-03
7.068693151919171136e+00 6.901590758398413961e+00 -3.025956089147181505e-01 9.026144456344873182e-03
3.619748834592412479e+00 6.384041505034732111e+00 9.630159085688929643e-01 1.142434679017505054e-02
8.498809779809468168e+00 4.543556533450832102e-01 -7.784897783029766094e-01 1.349505748656841878e-02
6.982063705967643585e+00 6.714344562835639074e-01 -2.794818766780811647e-01 5.266642583416642452e-03
7.042980266944586454e+00 4.429862695986335197e+00 1.008943562351749534e-01 9.706367154532699604e-03
5.756356686178292215e+00 8.981258448458666166e+00 -2.443192999599898829e-01 9.419830164839184533e-03
9.921317731215758329e+00 4.402466835891964081e+00 2.848572648248363648e-01 8.542846900636147031e-03
4.142145756030340742e+00 7.720072150576697823e+00 1.322280790214440394e-01 1.289257325534303583e-02
9.545381221972992769e-01 6.672683344674151584e+00 4.237279606158957934e-01 1.073848465355556336e-02
1.930472987243901928e+00 5.838366162387934821e+00 7.457157434407597485e-01 1.084926325710008910e-02
1.036222834210099863e+00 5.032199787895077492e+00 1.527521844788247152e-01 1.030886355261871612e-02
3.104450048343644575e+00 7.092118904611676378e+00 6.876853040925051674e-01 1.407867917624653492e-02
5.073652909204024120e+00 3.989452645070112879e-01 5.197305625500999726e-01 1.125533038290421617e-02
6.404728632600801497e+00 5.332939404488249657e+00 -4.466909525008203041e-02 8.675545743480310087e-03
3.477839377924076825e+00 8.085996056876432192e-01 6.671566216976932973e-01 9.608762118319810405e-03
9.065142114471651524e+00 5.394715354385248851e+00 -6.270731903854456224e-01 1.067403913623772745e-02
7.191494624075026820e+00 5.157892969960591323e+00 -1.845060697711603803e-01 9.418188650868351483e-03
8.391461253357460848e+00 6.085213675890654983e-02 -8.643673926846727751e-01 7.920064839665862111e-03
7.634205178984514006e+00 1.436711583338242670e+00 -8.280063765815055821e-02 1.113587879293776242e-02
6.124172997220171055e+00 8.044973548351774806e-01 5.653495775974552717e-02 1.023357460487700661e-02
9.078297514140240665e+00 7.230610325221785928e+00 -5.686961831798800215e-01 1.277406900813819746e-02
1.799094142638476557e+00 3.740621528017429309e+00 -6.374820031446635227e-01 7.863858313051433346e-03
4.382729587419593287e+00 3.859220410881905927e+00 -6.097849799428032291e-01 7.682877391830445976e-03
8.630243832907343204e+00 6.250265124495180125e-01 -7.542032592828948889e-01 1.319748166067734839e-02
8.801039131690787443e+00 6.842835565934965558e+00 -8.125862946217149441e-01 1.037383837267068232e-02
5.627179299179556615e+00 1.334268785257409773e+00 7.623055525710568936e-02 1.021498178863780408e-02
7.939936149719514447e+00 1.958927574533567695e+00 2.776148093345259804e-01 1.218045960132635788e-02
7.496526215641435620e+00 6.540966252998956065e+00 -5.531123410116347561e-01 1.163625865900758290e-02
2.664175658699886817e+00 2.694246509530012545e+00 -8.492246100738162218e-01 1.127550363142709559e-02
9.141541578859573747e+00 9.400310979068425610e+00 9.901198413669016762e-01 1.253721991827698792e-02
6.945573607359929014e+00 5.732776057773878442e+00 -2.690899930432231191e-01 8.865209083921309768e-03
