0.000000000000000000e+00 -6.715973072901446628e-01 6.517664969315263290e-01
5.025125628140703765e-02 -6.936178957694546510e-01 6.503275046097972689e-01
1.005025125628140753e-01 -7.140211390829306337e-01 6.484715909837557302e-01
1.507537688442210921e-01 -7.326795291424893497e-01 6.460775276826944413e-01
2.010050251256281506e-01 -7.494704173247781487e-01 6.430402295408789159e-01
2.512562814070351536e-01 -7.642767128307695890e-01 6.392721610713162361e-01
3.015075376884421843e-01 -7.769875528856261537e-01 6.347042809802757590e-01
3.517587939698492705e-01 -7.874989399946934476e-01 6.292865827155743608e-01
4.020100502512563012e-01 -7.957143417677963182e-01 6.229882861414519635e-01
4.522613065326633319e-01 -8.015452491638942467e-01 6.157977295089682723e-01
5.025125628140703071e-01 -8.049116893874295187e-01 6.077220034512902380e-01
5.527638190954773378e-01 -8.057426900820953142e-01 5.987863607754762008e-01
6.030150753768843686e-01 -8.039766919120314714e-01 5.890334279216766777e-01
6.532663316582915103e-01 -7.995619070893882352e-01 5.785222363832651649e-01
7.035175879396985410e-01 -7.924566218952143748e-01 5.673270851996647934e-01
7.537688442211055717e-01 -7.826294417417540838e-01 5.555362388344688984e-01
8.040201005025126024e-01 -7.700594778325891010e-01 5.432504583391277730e-01
8.542713567839196331e-01 -7.547364749866040112e-01 5.305813578000559971e-01
9.045226130653266639e-01 -7.366608806964816125e-01 5.176495730203058976e-01
9.547738693467336946e-01 -7.158438559866631135e-01 5.045827258674855376e-01
1.005025125628140614e+00 -6.923072291134935163e-01 4.915131668096261452e-01
1.055276381909547645e+00 -6.660833936067284133e-01 4.785754813847840072e-01
1.105527638190954676e+00 -6.372151525813324335e-01 4.659037555904638195e-01
1.155778894472361706e+00 -6.057555116473108958e-01 4.536286123943578663e-01
1.206030150753768737e+00 -5.717674231090105197e-01 4.418740582379011017e-01
1.256281407035175990e+00 -5.353234844704852780e-01 4.307542146745007572e-01
1.306532663316583021e+00 -4.965055945473006438e-01 4.203700539261140956e-01
1.356783919597990051e+00 -4.554045707251952457e-01 4.108063026468364853e-01
1.407035175879397082e+00 -4.121197311008487074e-01 4.021287165405104114e-01
1.457286432160804113e+00 -3.667584453885561202e-01 3.943819482544974053e-01
1.507537688442211143e+00 -3.194356585787828107e-01 3.875882210081512125e-01
1.557788944723618174e+00 -2.702733913905049357e-01 3.817469737892474346e-01
1.608040201005025205e+00 -2.194002215701479908e-01 3.768355618358454895e-01
1.658291457286432236e+00 -1.669507500574164416e-01 3.728109896306677218e-01
1.708542713567839266e+00 -1.130650559642966957e-01 3.696125421492910679e-01
1.758793969849246297e+00 -5.788814420111159514e-02 3.671650860463819832e-01
1.809045226130653328e+00 -1.569389435403943612e-03 3.653827544416408668e-01
1.859296482412060358e+00 5.573802011042713195e-02 3.641727161827507109e-01
1.909547738693467389e+00 1.138776357249137727e-01 3.634387607518596575e-01
1.959798994974874420e+00 1.726902950708750772e-01 3.630844919164415985e-01
2.010050251256281229e+00 2.320146600322111341e-01 3.630160008333584987e-01
2.060301507537688259e+00 2.916877429970309854e-01 3.631439671156004301e-01
2.110552763819095290e+00 3.515454193080033152e-01 3.633852028849332005e-01
2.160804020100502321e+00 4.114229238953293066e-01 3.636637038880837225e-01
2.211055276381909351e+00 4.711553303948249893e-01 3.639113019574969909e-01
2.261306532663316382e+00 5.305780113387930097e-01 3.640680263458577204e-01
2.311557788944723413e+00 5.895270782876373961e-01 3.640822812956338583e-01
2.361809045226130443e+00 6.478398010412260710e-01 3.639109375066082452e-01
2.412060301507537474e+00 7.053550053287661603e-01 3.635194193756983716e-01
2.462311557788944505e+00 7.619134486208554158e-01 3.628818506503767027e-01
2.512562814070351980e+00 8.173581739360405995e-01 3.619813002606609986e-01
2.562814070351759010e+00 8.715348417243401480e-01 3.608101486340096198e-01
2.613065326633166041e+00 9.242920401008454245e-01 3.593705732286189281e-01
2.663316582914573072e+00 9.754815738729073482e-01 3.576751304049485269e-01
2.713567839195980103e+00 1.024958732954041052e+00 3.557473889096828268e-01
2.763819095477387133e+00 1.072582540887105029e+00 3.536225479378554137e-01
2.814070351758794164e+00 1.118215984308582156e+00 3.513479499386604199e-01
2.864321608040201195e+00 1.161726224276478980e+00 3.489833755637581358e-01
2.914572864321608225e+00 1.202984790457111819e+00 3.466009869622951323e-01
2.964824120603015256e+00 1.241867759223223011e+00 3.442847690872828381e-01
3.015075376884422287e+00 1.278255916758453736e+00 3.421293118780175946e-01
3.065326633165829318e+00 1.312034908294055446e+00 3.402377862989499624e-01
3.115577889447236348e+00 1.343095374624134308e+00 3.387190027783650303e-01
3.165829145728643379e+00 1.371333077058535688e+00 3.376835094166338314e-01
3.216080402010050410e+00 1.396649011979238741e+00 3.372387928786948486e-01
3.266331658291457440e+00 1.418949516169228930e+00 3.374837815637671823e-01
3.316582914572864471e+00 1.438146364083807693e+00 3.385029999330623207e-01
3.366834170854271502e+00 1.454156858235009064e+00 3.403608531244095570e-01
3.417085427135678533e+00 1.466903913861292930e+00 3.430965936766446345e-01
3.467336683417085563e+00 1.476316139058293730e+00 3.467205047694887354e-01
3.517587939698492594e+00 1.482327911552281385e+00 3.512117152787277430e-01
3.567839195979899625e+00 1.484879453306846564e+00 3.565178598869285231e-01
3.618090452261306655e+00 1.483916904164428230e+00 3.625565583813477599e-01
3.668341708542713686e+00 1.479392395737438193e+00 3.692184692913661470e-01
3.718592964824120717e+00 1.471264126777343417e+00 3.763715215811070380e-01
3.768844221105527748e+00 1.459496441263114619e+00 3.838658664695263623e-01
3.819095477386934778e+00 1.444059910460332441e+00 3.915391136869585953e-01
3.869346733668341809e+00 1.424931420207370181e+00 3.992214969249259227e-01
3.919597989949748840e+00 1.402094264682079761e+00 4.067407197334830804e-01
3.969849246231155870e+00 1.375538247888909327e+00 4.139263382035791583e-01
4.020100502512562457e+00 1.345259794078889737e+00 4.206136232475992109e-01
4.070351758793969488e+00 1.311262068270349967e+00 4.266469064517104393e-01
4.120603015075376518e+00 1.273555107973155742e+00 4.318824502329671744e-01
4.170854271356783549e+00 1.232155967130533769e+00 4.361909003348060088e-01
4.221105527638190580e+00 1.187088873176860515e+00 4.394593826160659855e-01
4.271356783919597611e+00 1.138385397964368773e+00 4.415933021030918892e-01
4.321608040201004641e+00 1.086084643134067607e+00 4.425178945045523116e-01
4.371859296482411672e+00 1.030233440293826019e+00 4.421795715017469708e-01
4.422110552763818703e+00 9.708865661183846418e-01 4.405470925339619037e-01
4.472361809045225733e+00 9.081069722006815947e-01 4.376125879231774762e-01
4.522613065326632764e+00 8.419660291611729130e-01 4.333924506848311209e-01
4.572864321608039795e+00 7.725437841623610247e-01 4.279281062673679914e-01
4.623115577889446826e+00 6.999292305806759096e-01 4.212866591388451654e-01
4.673366834170853856e+00 6.242205881596737393e-01 4.135614002773002618e-01
4.723618090452260887e+00 5.455255915100984954e-01 4.048721370984733059e-01
4.773869346733667918e+00 4.639617843381934614e-01 3.953652732143615456e-01
4.824120603015074948e+00 3.796568162783990896e-01 3.852135151579730299e-01
4.874371859296481979e+00 2.927487386867381192e-01 3.746150127976713984e-01
4.924623115577889010e+00 2.033862952233006505e-01 3.637916484257105454e-01
4.974874371859296041e+00 1.117292025243474124e-01 3.529860827453930594e-01
5.025125628140703959e+00 1.794841574516364835e-02 3.424570653238649398e-01
5.075376884422110990e+00 -7.777362674681964627e-02 3.324724673942124897e-01
5.125628140703518021e+00 -1.752427857231895481e-01 3.232995701608177841e-01
5.175879396984925052e+00 -2.742530371205207373e-01 3.151924354228173297e-01
5.226130653266332082e+00 -3.745863287593668156e-01 3.083767700424794866e-01
5.276381909547739113e+00 -4.760124851027220383e-01 3.030335467218623346e-01
5.326633165829146144e+00 -5.782891676588495233e-01 2.992835554837744438e-01
5.376884422110553174e+00 -6.811618988113806727e-01 2.971756400248549701e-01
5.427135678391960205e+00 -7.843641569471369035e-01 2.966811942650979805e-01
5.477386934673367236e+00 -8.876175507399202136e-01 2.976963878599264701e-01
5.527638190954774267e+00 -9.906320803277631759e-01 3.000518614621196511e-01
5.577889447236181297e+00 -1.093106492884534875e+00 3.035279673188910343e-01
5.628140703517588328e+00 -1.194728739727682898e+00 3.078726873721271406e-01
5.678391959798995359e+00 -1.295176541617801824e+00 3.128193843132905383e-01
5.728643216080402389e+00 -1.394118068288696000e+00 3.181022967673586277e-01
5.778894472361809420e+00 -1.491212737497734642e+00 3.234687112533514708e-01
5.829145728643216451e+00 -1.586112138005265404e+00 3.286876315037566831e-01
5.879396984924623482e+00 -1.678461079881397922e+00 3.335553331889937745e-01
5.929648241206030512e+00 -1.767898774402607343e+00 3.378984404520074536e-01
5.979899497487437543e+00 -1.854060144546243905e+00 3.415751843188872816e-01
6.030150753768844574e+00 -1.936577265726506569e+00 3.444754081794791922e-01
6.080402010050251604e+00 -2.015080934951798852e+00 3.465197508310151053e-01
6.130653266331658635e+00 -2.089202365033791420e+00 3.476583077024028579e-01
6.180904522613065666e+00 -2.158574998857672789e+00 3.478689645965298283e-01
6.231155778894472697e+00 -2.222836437048357983e+00 3.471555191888455738e-01
6.281407035175879727e+00 -2.281630470657408427e+00 3.455456501898104271e-01
6.331658291457286758e+00 -2.334609208770571875e+00 3.430887569959494843e-01
6.381909547738693789e+00 -2.381435289218064355e+00 3.398536686074077329e-01
6.432160804020100819e+00 -2.421784158881653770e+00 3.359262056353883863e-01
6.482412060301507850e+00 -2.455346408458348062e+00 3.314065709290133221e-01
6.532663316582914881e+00 -2.481830144984062958e+00 3.264065417464104835e-01
6.582914572864321912e+00 -2.500963383966650522e+00 3.210464397957651372e-01
6.633165829145728942e+00 -2.512496441650411416e+00 3.154518662068585555e-01
6.683417085427135973e+00 -2.516204306757564790e+00 3.097502084392048660e-01
6.733668341708543004e+00 -2.511888970048901992e+00 3.040669569490374036e-01
6.783919597989950034e+00 -2.499381689237734960e+00 2.985219114311389865e-01
6.834170854271357065e+00 -2.478545166198255600e+00 2.932254071729150091e-01
6.884422110552764096e+00 -2.449275613049491263e+00 2.882747450311041737e-01
6.934673366834171127e+00 -2.411504683584925424e+00 2.837510528576561164e-01
6.984924623115578157e+00 -2.365201246668336754e+00 2.797168278457425328e-01
7.035175879396985188e+00 -2.310372978638670638e+00 2.762143946561098629e-01
7.085427135678392219e+00 -2.247067752467446944e+00 2.732654553595104674e-01
7.135678391959799249e+00 -2.175374802394648643e+00 2.708718067914930860e-01
7.185929648241206280e+00 -2.095425644032958612e+00 2.690171740025691927e-01
7.236180904522613311e+00 -2.007394731471380478e+00 2.676699799000786806e-01
7.286432160804020342e+00 -1.911499834720051361e+00 2.667867680289300880e-01
7.336683417085427372e+00 -1.808002122906256615e+00 2.663159383492437193e-01
7.386934673366834403e+00 -1.697205940942093871e+00 2.662014527533830277e-01
7.437185929648241434e+00 -1.579458269917249691e+00 2.663862121133909189e-01
7.487437185929648464e+00 -1.455147864203290009e+00 2.668148842942603682e-01
7.537688442211055495e+00 -1.324704061162227609e+00 2.674360538661969544e-01
7.587939698492462526e+00 -1.188595262402872610e+00 2.682036526289291456e-01
7.638190954773869557e+00 -1.047327088691015984e+00 2.690777045336149031e-01
7.688442211055276587e+00 -9.014402138599032499e-01 2.700244741931659420e-01
7.738693467336683618e+00 -7.515078863485370464e-01 2.710161445890950094e-01
7.788944723618090649e+00 -5.981331502796961574e-01 2.720301691135250111e-01
7.839195979899497679e+00 -4.419457812376155759e-01 2.730484489041342111e-01
7.889447236180904710e+00 -2.835989550776725210e-01 2.740564815065308912e-01
7.939698492462311741e+00 -1.237656711574796203e-01 2.750426135784851955e-01
7.989949748743718771e+00 3.686504571839059607e-02 2.759975103962828413e-01
8.040201005025124914e+00 1.975921376374588923e-01 2.769139297587789872e-01
8.090452261306532833e+00 3.577066707175913796e-01 2.777868588331141586e-01
8.140703517587938975e+00 5.164961253405137009e-01 2.786140408852512684e-01
8.190954773869346894e+00 6.732487858514715207e-01 2.793968859969619412e-01
8.241206030150753037e+00 8.272581944925949671e-01 2.801417269098278040e-01
8.291457286432160956e+00 9.778276330815207640e-01 2.808613488153355875e-01
8.341708542713567098e+00 1.124274595057637827e+00 2.815766905462524505e-01
8.391959798994975017e+00 1.265935210013453105e+00 2.823185842231802356e-01
8.442211055276381160e+00 1.402168582718316125e+00 2.831293710749632209e-01
8.492462311557789079e+00 1.532361008934264746e+00 2.840642037997956337e-01
8.542713567839195221e+00 1.655930031019410720e+00 2.851918231485473521e-01
8.592964824120603140e+00 1.772328297411210452e+00 2.865945838042536775e-01
8.643216080402009283e+00 1.881047191570419663e+00 2.883675107651861302e-01
8.693467336683417201e+00 1.981620197834450536e+00 2.906162036042126973e-01
8.743718592964823344e+00 2.073625973856570326e+00 2.934534834958681393e-01
8.793969849246231263e+00 2.156691101873493999e+00 2.969948031118233023e-01
8.844221105527637405e+00 2.230492493919500330e+00 3.013526070369423882e-01
8.894472361809045324e+00 2.294759429260386785e+00 3.066300175336815759e-01
8.944723618090451467e+00 2.349275205719092430e+00 3.129143868895676306e-01
8.994974874371859386e+00 2.393878390169413173e+00 3.202713540767163081e-01
9.045226130653265528e+00 2.428463657243318252e+00 3.287400298844438962e-01
9.095477386934673447e+00 2.452982209188539375e+00 3.383297994347120863e-01
9.145728643216079590e+00 2.467441773781141379e+00 3.490190010523121500e-01
9.195979899497487509e+00 2.471906181197828012e+00 3.607554741273348853e-01
9.246231155778893651e+00 2.466494524738156002e+00 3.734587329675196354e-01
9.296482412060301570e+00 2.451379914212573841e+00 3.870233689820559153e-01
9.346733668341707713e+00 2.426787834633179042e+00 4.013232281081882680e-01
9.396984924623115631e+00 2.392994126516947428e+00 4.162159412364265232e-01
9.447236180904521774e+00 2.350322607594784063e+00 4.315474710818098525e-01
9.497487437185929693e+00 2.299142358975239997e+00 4.471564450389634016e-01
9.547738693467335835e+00 2.239864701803513825e+00 4.628781434553824181e-01
9.597989949748743754e+00 2.172939893152125101e+00 4.785480916738648616e-01
9.648241206030149897e+00 2.098853572251610622e+00 4.940052577901077324e-01
9.698492462311557816e+00 2.018122990192952049e+00 5.090948887439638026e-01
9.748743718592963958e+00 1.931293057889978515e+00 5.236710305412969335e-01
9.798994974874371877e+00 1.838932248363595257e+00 5.375987799361700015e-01
9.849246231155778020e+00 1.741628390291906081e+00 5.507563096880206954e-01
9.899497487437185939e+00 1.639984390255162516e+00 5.630367010433013908e-01
9.949748743718592081e+00 1.534613921192976571e+00 5.743496075425563729e-01
1.000000000000000000e+01 1.426137114287489016e+00 5.846227647396406990e-01
