0.000000000000000000e+00 -4.534351742834228371e-01 9.735631019347098514e-01
5.025125628140703765e-02 -4.225473755882167559e-01 9.535549365096214203e-01
1.005025125628140753e-01 -3.890785669215274800e-01 9.343743433782295549e-01
1.507537688442210921e-01 -3.531183409866603395e-01 9.162553054954634124e-01
2.010050251256281506e-01 -3.147704350083029290e-01 8.994084914072888459e-01
2.512562814070351536e-01 -2.741522196907262843e-01 8.840125578315497501e-01
3.015075376884421843e-01 -2.313940903300647223e-01 8.702060555319909296e-01
3.517587939698492705e-01 -1.866387655200581475e-01 8.580806190592096261e-01
4.020100502512563012e-01 -1.400404997935724982e-01 8.476761205674844257e-01
4.522613065326633319e-01 -9.176421737020745706e-02 8.389783592103629006e-01
5.025125628140703071e-01 -4.198457492280378844e-02 8.319196407130592386e-01
5.527638190954773378e-01 9.115038076663190339e-03 8.263823063042393668e-01
6.030150753768843686e-01 6.134355232651832190e-02 8.222049506654756090e-01
6.532663316582915103e-01 1.145033154395931063e-01 8.191907886714075993e-01
7.035175879396985410e-01 1.683912226007448221e-01 8.171174435847535777e-01
7.537688442211055717e-01 2.227998710732704835e-01 8.157473617986801262e-01
8.040201005025126024e-01 2.775187284063327930e-01 8.148381065353339503e-01
8.542713567839196331e-01 3.323353042315022043e-01 8.141519155107379557e-01
9.045226130653266639e-01 3.870363156902680291e-01 8.134640842035676389e-01
9.547738693467336946e-01 4.414088368024018938e-01 8.125699176476793850e-01
1.005025125628140614e+00 4.952414224622215255e-01 8.112901510788655957e-01
1.055276381909547645e+00 5.483251982296740712e-01 8.094748585507388627e-01
1.105527638190954676e+00 6.004549076574173805e-01 8.070059460447961408e-01
1.155778894472361706e+00 6.514299095547555485e-01 8.037983668650880986e-01
1.206030150753768737e+00 7.010551183234645656e-01 7.998002112549476017e-01
1.256281407035175990e+00 7.491418812983521303e-01 7.949918188677388420e-01
1.306532663316583021e+00 7.955087878740226826e-01 7.893840504373254019e-01
1.356783919597990051e+00 8.399824060865934694e-01 7.830158402701313802e-01
1.407035175879397082e+00 8.823979432315756100e-01 7.759511385924405813e-01
1.457286432160804113e+00 9.225998280236223925e-01 7.682753452105186565e-01
1.507537688442211143e+00 9.604422127273752885e-01 7.600913348820815818e-01
1.557788944723618174e+00 9.957893945981763917e-01 7.515151806211295415e-01
1.608040201005025205e+00 1.028516156854772934e+00 7.426716931844832281e-01
1.658291457286432236e+00 1.058508030251612997e+00 7.336899114772024166e-01
1.708542713567839266e+00 1.085661477115310580e+00 7.246986967209252395e-01
1.758793969849246297e+00 1.109884000448549290e+00 7.158225990526705385e-01
1.809045226130653328e+00 1.131094181376755436e+00 7.071781740684744966e-01
1.859296482412060358e+00 1.149221648811150853e+00 6.988709237860816215e-01
1.909547738693467389e+00 1.164206985720489307e+00 6.909930173369017714e-01
1.959798994974874420e+00 1.176001576838922480e+00 6.836219089247179692e-01
2.010050251256281229e+00 1.184567402986073770e+00 6.768199144758491048e-01
2.060301507537688259e+00 1.189876787436615846e+00 6.706347375591467097e-01
2.110552763819095290e+00 1.191912099950842130e+00 6.651008563941351870e-01
2.160804020100502321e+00 1.190665424166697850e+00 6.602416061905299616e-01
2.211055276381909351e+00 1.186138194060984530e+00 6.560717244862006581e-01
2.261306532663316382e+00 1.178340805117509493e+00 6.526000803290927799e-01
2.311557788944723413e+00 1.167292205698784446e+00 6.498322873048141268e-01
2.361809045226130443e+00 1.153019473912353599e+00 6.477729084385689395e-01
2.412060301507537474e+00 1.135557385000771191e+00 6.464269974380546513e-01
2.462311557788944505e+00 1.114947973974280693e+00 6.458007823307844175e-01
2.512562814070351980e+00 1.091240097856351898e+00 6.459013789699586949e-01
2.562814070351759010e+00 1.064489001533916346e+00 6.467355163714604283e-01
2.613065326633166041e+00 1.034755890805869605e+00 6.483073554927037963e-01
2.663316582914573072e+00 1.002107515814726124e+00 6.506155789554690649e-01
2.713567839195980103e+00 9.666157676364081075e-01 6.536500117058162695e-01
2.763819095477387133e+00 9.283572904006808235e-01 6.573880920889790813e-01
2.814070351758794164e+00 8.874131109278990959e-01 6.617915411214529975e-01
2.864321608040201195e+00 8.438682875037654130e-01 6.668035699294636576e-01
2.914572864321608225e+00 7.978115790788179451e-01 6.723469213433365121e-01
2.964824120603015256e+00 7.493351358789590577e-01 6.783229671073556233e-01
3.015075376884422287e+00 6.985342121509426905e-01 6.846119877495477901e-01
3.065326633165829318e+00 6.455069015456932346e-01 6.910746615343732469e-01
3.115577889447236348e+00 5.903538954633318347e-01 6.975546958887699489e-01
3.165829145728643379e+00 5.331782645474480997e-01 7.038824603177189498e-01
3.216080402010050410e+00 4.740852634205754423e-01 7.098794305376097125e-01
3.266331658291457440e+00 4.131821586957875048e-01 7.153632306163156818e-01
3.316582914572864471e+00 3.505780802763021065e-01 7.201530601941963372e-01
3.366834170854271502e+00 2.863838959616575863e-01 7.240753114456114359e-01
3.417085427135678533e+00 2.207121094081680168e-01 7.269692083546009931e-01
3.467336683417085563e+00 1.536767815369438628e-01 7.286923325154603948e-01
3.517587939698492594e+00 8.539347553612276764e-02 7.291259296049715788e-01
3.567839195979899625e+00 1.597922565730262173e-02 7.281799148805566668e-01
3.618090452261306655e+00 -5.444746994958667152e-02 7.257975116712488406e-01
3.668341708542713686e+00 -1.257666320923071512e-01 7.219594616624184225e-01
3.718592964824120717e+00 -1.978567588125292875e-01 7.166877378048677194e-01
3.768844221105527748e+00 -2.705947588467116915e-01 7.100486676390642682e-01
3.819095477386934778e+00 -3.438558601138291260e-01 7.021553341157884542e-01
3.869346733668341809e+00 -4.175134931998600862e-01 6.931690601187199263e-01
3.919597989949748840e+00 -4.914391499924535833e-01 6.832997007606713691e-01
3.969849246231155870e+00 -5.655022178634135921e-01 6.728043670358022643e-01
4.020100502512562457e+00 -6.395697901048086331e-01 6.619840966954321226e-01
4.070351758793969488e+00 -7.135064536985892270e-01 6.511778983470924986e-01
4.120603015075376518e+00 -7.871740559396096515e-01 6.407535673817714716e-01
4.170854271356783549e+00 -8.604314519358697844e-01 6.310947729186962007e-01
4.221105527638190580e+00 -9.331342355743600381e-01 6.225842195809007107e-01
4.271356783919597611e+00 -1.005134457160126393e+00 6.155832529525857577e-01
4.321608040201004641e+00 -1.076280331602350149e+00 6.104090881313066763e-01
4.371859296482411672e+00 -1.146415941725138943e+00 6.073117556055134258e-01
4.422110552763818703e+00 -1.215380942010557908e+00 6.064535948767454387e-01
4.472361809045225733e+00 -1.283010268824036570e+00 6.078943339297224746e-01
4.522613065326632764e+00 -1.349133863913112519e+00 6.115842248762195510e-01
4.572864321608039795e+00 -1.413576418692858105e+00 6.173664000596269519e-01
4.623115577889446826e+00 -1.476157147518498691e+00 6.249879413142712670e-01
4.673366834170853856e+00 -1.536689598778747445e+00 6.341176704267482700e-01
4.723618090452260887e+00 -1.594981513204055235e+00 6.443678254793097082e-01
4.773869346733667918e+00 -1.650834739252669436e+00 6.553167333891620761e-01
4.824120603015074948e+00 -1.704045215795599644e+00 6.665301548664117615e-01
4.874371859296481979e+00 -1.754403032550171160e+00 6.775798334128502187e-01
4.924623115577889010e+00 -1.801692578793996358e+00 6.880586152087573293e-01
4.974874371859296041e+00 -1.845692790809674300e+00 6.975921379169071068e-01
5.025125628140703959e+00 -1.886177508251216661e+00 7.058474634853706409e-01
5.075376884422110990e+00 -1.922915949173201522e+00 7.125391898812241109e-01
5.125628140703518021e+00 -1.955673312812770126e+00 7.174335893941640174e-01
5.175879396984925052e+00 -1.984211518355254000e+00 7.203512537519382031e-01
5.226130653266332082e+00 -2.008290086842309030e+00 7.211686274090969295e-01
5.276381909547739113e+00 -2.027667172095687587e+00 7.198187085860701107e-01
5.326633165829146144e+00 -2.042100745033032627e+00 7.162911059025187654e-01
5.376884422110553174e+00 -2.051349934050703983e+00 7.106315596034062931e-01
5.427135678391960205e+00 -2.055176522253069571e+00 7.029409675910845978e-01
5.477386934673367236e+00 -2.053346600232319297e+00 6.933738922703381879e-01
5.527638190954774267e+00 -2.045632370866222960e+00 6.821364584052620472e-01
5.577889447236181297e+00 -2.031814100225616482e+00 6.694834794546499213e-01
5.628140703517588328e+00 -2.011682206195198663e+00 6.557145675905768911e-01
5.678391959798995359e+00 -1.985039473840155555e+00 6.411688937245367814e-01
5.728643216080402389e+00 -1.951703383930475155e+00 6.262181809109931274e-01
5.778894472361809420e+00 -1.911508538400761514e+00 6.112574646846125059e-01
5.829145728643216451e+00 -1.864309163914508183e+00 5.966931829965657075e-01
5.879396984924623482e+00 -1.809981672159126198e+00 5.829283287639361877e-01
5.929648241206030512e+00 -1.748427253063536302e+00 5.703447730650200720e-01
5.979899497487437543e+00 -1.679574474847389087e+00 5.592834758045339694e-01
6.030150753768844574e+00 -1.603381862722929929e+00 5.500240859292984119e-01
6.080402010050251604e+00 -1.519840426220604668e+00 5.427662077450882139e-01
6.130653266331658635e+00 -1.428976103539226106e+00 5.376150690129751775e-01
6.180904522613065666e+00 -1.330852090070754112e+00 5.345741577542342249e-01
6.231155778894472697e+00 -1.225571017356175352e+00 5.335464613130932454e-01
6.281407035175879727e+00 -1.113276948225809582e+00 5.343444278767934819e-01
6.331658291457286758e+00 -9.941571537952000881e-01 5.367071552210433971e-01
6.381909547738693789e+00 -8.684436383510309998e-01 5.403221389188653800e-01
6.432160804020100819e+00 -7.364143789901825832e-01 5.448485149953669060e-01
6.482412060301507850e+00 -5.983942481831371341e-01 5.499390931229286572e-01
6.532663316582914881e+00 -4.547555892270071509e-01 5.552593079988024094e-01
6.582914572864321912e+00 -3.059184168349891597e-01 5.605021566527779164e-01
6.633165829145728942e+00 -1.523502178702610677e-01 5.653989693763508129e-01
6.683417085427135973e+00 5.434669539831780451e-03 5.697263665655426523e-01
6.733668341708543004e+00 1.668761166014816055e-01 5.733099922965063655e-01
6.783919597989950034e+00 3.313697181683002979e-01 5.760256596190840295e-01
6.834170854271357065e+00 4.982687703089214715e-01 5.777984747403482890e-01
6.884422110552764096e+00 6.668867158630977787e-01 5.786003934031073159e-01
6.934673366834171127e+00 8.365000576328225357e-01 5.784465454261413786e-01
6.984924623115578157e+00 1.006351733537333315e+00 5.773905654811501975e-01
7.035175879396985188e+00 1.175654942575699469e+00 5.755190996622633337e-01
7.085427135678392219e+00 1.343597404854838251e+00 5.729456209582687309e-01
7.135678391959799249e+00 1.509346033324434622e+00 5.698036814424095597e-01
7.185929648241206280e+00 1.672051989288042328e+00 5.662397518118341688e-01
7.236180904522613311e+00 1.830856088306078044e+00 5.624058446700579417e-01
7.286432160804020342e+00 1.984894517849493667e+00 5.584521785483135270e-01
7.336683417085427372e+00 2.133304823078369328e+00 5.545202033052292201e-01
7.386934673366834403e+00 2.275232112483200897e+00 5.507363588808869004e-01
7.437185929648241434e+00 2.409835430910857390e+00 5.472069612868712962e-01
7.487437185929648464e+00 2.536294243771628931e+00 5.440145868745399627e-01
7.537688442211055495e+00 2.653814973052280202e+00 5.412162495320482769e-01
7.587939698492462526e+00 2.761637523201721844e+00 5.388435373914586268e-01
7.638190954773869557e+00 2.859041733062038571e+00 5.369047100546678886e-01
7.688442211055276587e+00 2.945353688832209382e+00 5.353885784197702780e-01
7.738693467336683618e+00 3.019951832609788944e+00 5.342698250069524146e-01
7.788944723618090649e+00 3.082272801382964555e+00 5.335152976472695707e-01
7.839195979899497679e+00 3.131816932457263558e+00 5.330907379351353947e-01
7.889447236180904710e+00 3.168153373202835077e+00 5.329673898917510755e-01
7.939698492462311741e+00 3.190924735694121939e+00 5.331279651508187278e-01
7.989949748743718771e+00 3.199851240267108210e+00 5.335715043346059838e-01
8.040201005025124914e+00 3.194734296212740521e+00 5.343167560445639674e-01
8.090452261306532833e+00 3.175459472720077780e+00 5.354037858079160328e-01
8.140703517587938975e+00 3.141998818730999954e+00 5.368936251299277762e-01
8.190954773869346894e+00 3.094412496510682065e+00 5.388658794644509697e-01
8.241206030150753037e+00 3.032849700407858506e+00 5.414143403559339429e-01
8.291457286432160956e+00 2.957548839399116059e+00 5.446407960268492277e-01
8.341708542713567098e+00 2.868836969499903411e+00 5.486474032928700950e-01
8.391959798994975017e+00 2.767128469891096287e+00 5.535281567002967584e-01
8.442211055276381160e+00 2.652922964560355812e+00 5.593601400991533579e-01
8.492462311557789079e+00 2.526802499293022919e+00 5.661953354678002093e-01
8.542713567839195221e+00 2.389427991868493084e+00 5.740537605323920989e-01
8.592964824120603140e+00 2.241534981222424783e+00 5.829185937430008124e-01
8.643216080402009283e+00 2.083928709023266546e+00 5.927337321592577313e-01
8.693467336683417201e+00 1.917478574483539866e+00 6.034039519767809834e-01
8.743718592964823344e+00 1.743112010187947813e+00 6.147975573922553894e-01
8.793969849246231263e+00 1.561807833180355987e+00 6.267511658486596415e-01
8.844221105527637405e+00 1.374589131427011779e+00 6.390761242658107300e-01
8.894472361809045324e+00 1.182515750985888126e+00 6.515659938815236973e-01
8.944723618090451467e+00 9.866764536954896192e-01 6.640045689168070364e-01
8.994974874371859386e+00 7.881808188903012269e-01 6.761739794460909225e-01
9.045226130653265528e+00 5.881509655081488264e-01 6.878625406610395787e-01
9.095477386934673447e+00 3.877131729384050152e-01 6.988721229239112098e-01
9.145728643216079590e+00 1.879894800455246262e-01 7.090249122229308476e-01
9.195979899497487509e+00 -9.910658024937660585e-03 7.181695004467384402e-01
9.246231155778893651e+00 -2.048985763901866319e-01 7.261862876055313887e-01
9.296482412060301570e+00 -3.959143930988057170e-01 7.329921959125518249e-01
9.346733668341707713e+00 -5.819347132191192706e-01 7.385446920776215229e-01
9.396984924623115631e+00 -7.619799730075140776e-01 7.428450926961281953e-01
9.447236180904521774e+00 -9.351213569790179925e-01 7.459410909516827060e-01
9.497487437185929693e+00 -1.100487225607600594e+00 7.479283931961181464e-01
9.547738693467335835e+00 -1.257268996963781582e+00 7.489512939694242810e-01
9.597989949748743754e+00 -1.404726431780116691e+00 7.492019523118265134e-01
9.648241206030149897e+00 -1.542192278137779260e+00 7.489180694805319671e-01
9.698492462311557816e+00 -1.669076239103303605e+00 7.483786233031585189e-01
9.748743718592963958e+00 -1.784868234119932451e+00 7.478973098835178801e-01
9.798994974874371877e+00 -1.889140932678222251e+00 7.478134084102912027e-01
9.849246231155778020e+00 -1.981551546655956342e+00 7.484799498530176898e-01
9.899497487437185939e+00 -2.061842875630962357e+00 7.502493554179220370e-01
9.949748743718592081e+00 -2.129843607332482680e+00 7.534571082629897276e-01
1.000000000000000000e+01 -2.185467883112876653e+00 7.584044800102910378e-01
