0.000000000000000000e+00 -3.150914394944322183e-02 5.966531864555191245e-01
5.025125628140703765e-02 -6.581753353034693055e-02 5.775191366780767499e-01
1.005025125628140753e-01 -1.011923917123774413e-01 5.580338123248721471e-01
1.507537688442210921e-01 -1.375492222936573194e-01 5.382812016153746271e-01
2.010050251256281506e-01 -1.747972407509856552e-01 5.183480554649002592e-01
2.512562814070351536e-01 -2.128396360883074157e-01 4.983231896656065141e-01
3.015075376884421843e-01 -2.515738670917230246e-01 4.782967686258165485e-01
3.517587939698492705e-01 -2.908919914545710084e-01 4.583595732158435299e-01
4.020100502512563012e-01 -3.306810260030644266e-01 4.386022543301683618e-01
4.522613065326633319e-01 -3.708233360357244823e-01 4.191145726665210236e-01
5.025125628140703071e-01 -4.111970515908544010e-01 3.999846240106915141e-01
5.527638190954773378e-01 -4.516765082771581619e-01 3.812980481368741792e-01
6.030150753768843686e-01 -4.921327101450760910e-01 3.631372185168114108e-01
6.532663316582915103e-01 -5.324338119419631532e-01 3.455804097309885248e-01
7.035175879396985410e-01 -5.724456179836311387e-01 3.287009402925454293e-01
7.537688442211055717e-01 -6.120320947892855523e-01 3.125662911749710338e-01
8.040201005025126024e-01 -6.510558945666701236e-01 2.972372054161406263e-01
8.542713567839196331e-01 -6.893788865995336135e-01 2.827667824459053070e-01
9.045226130653266639e-01 -7.268626935805843070e-01 2.691995926435442055e-01
9.547738693467336946e-01 -7.633692299490079103e-01 2.565708527841627506e-01
1.005025125628140614e+00 -7.987612393321315007e-01 2.449057200552875735e-01
1.055276381909547645e+00 -8.329028282548192053e-01 2.342187782868861701e-01
1.105527638190954676e+00 -8.656599933663875479e-01 2.245138004750624472e-01
1.155778894472361706e+00 -8.969011395419446142e-01 2.157838712030931971e-01
1.206030150753768737e+00 -9.264975863413390522e-01 2.080119362842729747e-01
1.256281407035175990e+00 -9.543240604524297899e-01 2.011718125204669805e-01
1.306532663316583021e+00 -9.802591719043738383e-01 1.952296400357484141e-01
1.356783919597990051e+00 -1.004185872008606983e+00 1.901457006766934243e-01
1.407035175879397082e+00 -1.025991891168250403e+00 1.858764701044940404e-01
1.457286432160804113e+00 -1.045570154888268988e+00 1.823767310889124471e-01
1.507537688442211143e+00 -1.062819176516661912e+00 1.796015607931087110e-01
1.557788944723618174e+00 -1.077643425448847836e+00 1.775080190128386082e-01
1.608040201005025205e+00 -1.089953669730959529e+00 1.760564039129016434e-01
1.658291457286432236e+00 -1.099667292200836366e+00 1.752109979441856535e-01
1.708542713567839266e+00 -1.106708579505773393e+00 1.749402882413744753e-01
1.758793969849246297e+00 -1.111008983531768690e+00 1.752167026662703186e-01
1.809045226130653328e+00 -1.112507354968055306e+00 1.760159473877876968e-01
1.859296482412060358e+00 -1.111150148911569158e+00 1.773160605394890621e-01
1.909547738693467389e+00 -1.106891602586991263e+00 1.790963082008050489e-01
1.959798994974874420e+00 -1.099693885418085992e+00 1.813360451406778873e-01
2.010050251256281229e+00 -1.089527221833746395e+00 1.840136464286818707e-01
2.060301507537688259e+00 -1.076369987327043143e+00 1.871055910992635574e-01
2.110552763819095290e+00 -1.060208778406515062e+00 1.905857499176063230e-01
2.160804020100502321e+00 -1.041038457185911925e+00 1.944249001920921871e-01
2.211055276381909351e+00 -1.018862171451052401e+00 1.985904650920168879e-01
2.261306532663316382e+00 -9.936913511206523220e-01 2.030464555221253020e-01
2.311557788944723413e+00 -9.655456820818040242e-01 2.077535803916623069e-01
2.361809045226130443e+00 -9.344530584308816668e-01 2.126694859202394317e-01
2.412060301507537474e+00 -9.004495141872893571e-01 2.177490852916170172e-01
2.462311557788944505e+00 -8.635791355714983464e-01 2.229449448032759518e-01
2.512562814070351980e+00 -8.238939549508670357e-01 2.282076998602922124e-01
2.562814070351759010e+00 -7.814538275578255533e-01 2.334864821407259261e-01
2.613065326633166041e+00 -7.363262920760050845e-01 2.387293468310826561e-01
2.663316582914573072e+00 -6.885864161717053511e-01 2.438836952523373014e-01
2.713567839195980103e+00 -6.383166280221257427e-01 2.488966931222806322e-01
2.763819095477387133e+00 -5.856065348584551522e-01 2.537156880792851288e-01
2.814070351758794164e+00 -5.305527295029351942e-01 2.582886320690378490e-01
2.864321608040201195e+00 -4.732585858347728713e-01 2.625645150142948969e-01
2.914572864321608225e+00 -4.138340440715252422e-01 2.664938161278488926e-01
2.964824120603015256e+00 -3.523953867011139218e-01 2.700289785617149829e-01
3.015075376884422287e+00 -2.890650058455677684e-01 2.731249120506575867e-01
3.065326633165829318e+00 -2.239711627817431994e-01 2.757395270034807000e-01
3.115577889447236348e+00 -1.572477402872163310e-01 2.778343022752216007e-01
3.165829145728643379e+00 -8.903398842144236158e-02 2.793748877305208267e-01
3.216080402010050410e+00 -1.947426429404598702e-02 2.803317417565358571e-01
3.266331658291457440e+00 5.128223368679418748e-02 2.806808031378437152e-01
3.316582914572864471e+00 1.230817366514935368e-01 2.804041961601852484e-01
3.366834170854271502e+00 1.957661808162864114e-01 2.794909674088978391e-01
3.417085427135678533e+00 2.691734874238548847e-01 2.779378523517636590e-01
3.467336683417085563e+00 3.431378468197834319e-01 2.757500692334731718e-01
3.517587939698492594e+00 4.174900064663183419e-01 2.729421367189056036e-01
3.567839195979899625e+00 4.920575627546686648e-01 2.695387095769143926e-01
3.618090452261306655e+00 5.666652565370737804e-01 2.655754227050135530e-01
3.668341708542713686e+00 6.411352723606122961e-01 2.610997268169923946e-01
3.718592964824120717e+00 7.152875414460585501e-01 2.561716875715711605e-01
3.768844221105527748e+00 7.889400485173035937e-01 2.508647017642895438e-01
3.819095477386934778e+00 8.619091426492420105e-01 2.452660570477067647e-01
3.869346733668341809e+00 9.340098523653944662e-01 2.394772232348730268e-01
3.919597989949748840e+00 1.005056205279278636e+00 2.336137126047274082e-01
3.969849246231155870e+00 1.074861552636580786e+00 2.278042862704813543e-01
4.020100502512562457e+00 1.143238899176581391e+00 2.221892230918701971e-01
4.070351758793969488e+00 1.210001238791362788e+00 2.169173277184923143e-01
4.120603015075376518e+00 1.274961896518366666e+00 2.121413706533614718e-01
4.170854271356783549e+00 1.337934877455217997e+00 2.080117729304731544e-01
4.221105527638190580e+00 1.398735223233871228e+00 2.046686139568621443e-01
4.271356783919597611e+00 1.457179376732744336e+00 2.022324583593568814e-01
4.321608040201004641e+00 1.513085555739097643e+00 2.007949922794636799e-01
4.371859296482411672e+00 1.566274136297526098e+00 2.004108609799419294e-01
4.422110552763818703e+00 1.616568046492656840e+00 2.010921894694229217e-01
4.472361809045225733e+00 1.663793171412892402e+00 2.028069017394085183e-01
4.522613065326632764e+00 1.707778770025530690e+00 2.054811874671783334e-01
4.572864321608039795e+00 1.748357904659836537e+00 2.090055678635868719e-01
4.623115577889446826e+00 1.785367883742098538e+00 2.132433296469380679e-01
4.673366834170853856e+00 1.818650718353394646e+00 2.180398489247745708e-01
4.723618090452260887e+00 1.848053593084986845e+00 2.232315102351384306e-01
4.773869346733667918e+00 1.873429351547197363e+00 2.286533636812671522e-01
4.824120603015074948e+00 1.894636996743226609e+00 2.341451418287858466e-01
4.874371859296481979e+00 1.911542206349367445e+00 2.395556328141835445e-01
4.924623115577889010e+00 1.924017862746961960e+00 2.447456276003427689e-01
4.974874371859296041e+00 1.931944597428170818e+00 2.495897461295153164e-01
5.025125628140703959e+00 1.935211349148722171e+00 2.539774449737785544e-01
5.075376884422110990e+00 1.933715934925593904e+00 2.578134622132879916e-01
5.125628140703518021e+00 1.927365632678239127e+00 2.610178947389563686e-01
5.175879396984925052e+00 1.916077773989447230e+00 2.635260461865942538e-01
5.226130653266332082e+00 1.899780345118822211e+00 2.652881374116379254e-01
5.276381909547739113e+00 1.878412594040635764e+00 2.662689371043043818e-01
5.326633165829146144e+00 1.851925640901912029e+00 2.664473463771428463e-01
5.376884422110553174e+00 1.820283088909474989e+00 2.658159555825278519e-01
5.427135678391960205e+00 1.783461632261150287e+00 2.643805818965574428e-01
5.477386934673367236e+00 1.741451657340534087e+00 2.621597903509684802e-01
5.527638190954774267e+00 1.694257833002579483e+00 2.591843974295036102e-01
5.577889447236181297e+00 1.641899685393680919e+00 2.554969538360460923e-01
5.628140703517588328e+00 1.584412152381708738e+00 2.511512005939375847e-01
5.678391959798995359e+00 1.521846112324075406e+00 2.462114893952703776e-01
5.728643216080402389e+00 1.454268881582503781e+00 2.407521533024555849e-01
5.778894472361809420e+00 1.381764674907947299e+00 2.348568067813417426e-01
5.829145728643216451e+00 1.304435022574862435e+00 2.286175439973681667e-01
5.879396984924623482e+00 1.222399137947381753e+00 2.221339910156441833e-01
5.929648241206030512e+00 1.135794229017166090e+00 2.155121513693419311e-01
5.979899497487437543e+00 1.044775747370040309e+00 2.088629670516314873e-01
6.030150753768844574e+00 9.495175680217747827e-01 2.023005021555329963e-01
6.080402010050251604e+00 8.502120936175867616e-01 1.959396510234077959e-01
6.130653266331658635e+00 7.470702766200529865e-01 1.898932872856108067e-01
6.180904522613065666e+00 6.403215533199112519e-01 1.842688174359312092e-01
6.231155778894472697e+00 5.302136837968872696e-01 1.791641939869425548e-01
6.281407035175879727e+00 4.170124923354665558e-01 1.746635809536259409e-01
6.331658291457286758e+00 3.010015032647672117e-01 1.708330313915103760e-01
6.381909547738693789e+00 1.824814677423942932e-01 1.677166899270243483e-01
6.432160804020100819e+00 6.176977763861513787e-02 1.653341090497994770e-01
6.482412060301507850e+00 -6.080023660272701469e-02 1.636792060620337608e-01
6.532663316582914881e+00 -1.848801264499057850e-01 1.627211669825713303e-01
6.582914572864321912e+00 -3.101072655629024677e-01 1.624072687696183348e-01
6.633165829145728942e+00 -4.361059103681339533e-01 1.626672434372529452e-01
6.683417085427135973e+00 -5.624883804205522697e-01 1.634185598939069117e-01
6.733668341708543004e+00 -6.888563569814791787e-01 1.645719205732499302e-01
6.783919597989950034e+00 -8.148022971309616391e-01 1.660363573035517071e-01
6.834170854271357065e+00 -9.399109595887737978e-01 1.677235040141010491e-01
6.884422110552764096e+00 -1.063761037249281172e+00 1.695508443526496933e-01
6.934673366834171127e+00 -1.185926890254773491e+00 1.714439191166694798e-01
6.984924623115578157e+00 -1.305980372252092625e+00 1.733376030012170332e-01
7.035175879396985188e+00 -1.423492741312016863e+00 1.751766220734791435e-01
7.085427135678392219e+00 -1.538036645853605000e+00 1.769154975758756854e-01
7.135678391959799249e+00 -1.649188174820881425e+00 1.785180868667565479e-01
7.185929648241206280e+00 -1.756528960320697941e+00 1.799568642191848034e-01
7.236180904522613311e+00 -1.859648319962668772e+00 1.812120532285459162e-01
7.286432160804020342e+00 -1.958145425258440708e+00 1.822706943162605842e-01
7.336683417085427372e+00 -2.051631481651252642e+00 1.831257074436176135e-01
7.386934673366834403e+00 -2.139731905070779483e+00 1.837749918695024687e-01
7.437185929648241434e+00 -2.222088479353900858e+00 1.842205908717906848e-01
7.487437185929648464e+00 -2.298361478450056339e+00 1.844679387969567763e-01
7.537688442211055495e+00 -2.368231737049947494e+00 1.845251996597655764e-01
7.587939698492462526e+00 -2.431402653145877224e+00 1.844027000449561249e-01
7.638190954773869557e+00 -2.487602106058115048e+00 1.841124537681984585e-01
7.688442211055276587e+00 -2.536584273648598398e+00 1.836677713597542616e-01
7.738693467336683618e+00 -2.578131332794389774e+00 1.830829438473375037e-01
7.788944723618090649e+00 -2.612055027709299537e+00 1.823729875732194861e-01
7.839195979899497679e+00 -2.638198091382659705e+00 1.815534350059552771e-01
7.889447236180904710e+00 -2.656435506246059841e+00 1.806401558600913282e-01
7.939698492462311741e+00 -2.666675591177491977e+00 1.796491934770053644e-01
7.989949748743718771e+00 -2.668860903100837678e+00 1.785966034677667069e-01
8.040201005025124914e+00 -2.662968942728329846e+00 1.774982851251876714e-01
8.090452261306532833e+00 -2.649012655413970574e+00 1.763698010258424320e-01
8.140703517587938975e+00 -2.627040719624390341e+00 1.752261863855704982e-01
8.190954773869346894e+00 -2.597137617176474400e+00 1.740817567786411557e-01
8.241206030150753037e+00 -2.559423481122735655e+00 1.729499303034698066e-01
8.291457286432160956e+00 -2.514053718968864537e+00 1.718430875560271187e-01
8.341708542713567098e+00 -2.461218410765423137e+00 1.707724991304719608e-01
8.391959798994975017e+00 -2.401141483508281382e+00 1.697483550327952284e-01
8.442211055276381160e+00 -2.334079665190432085e+00 1.687799326264795841e-01
8.492462311557789079e+00 -2.260321223751353248e+00 1.678759388978327827e-01
8.542713567839195221e+00 -2.180184498048788555e+00 1.670450584620343792e-01
8.592964824120603140e+00 -2.094016229811480390e+00 1.662967305254365313e-01
8.643216080402009283e+00 -2.002189707299941279e+00 1.656421657744969744e-01
8.693467336683417201e+00 -1.905102733086626143e+00 1.650955976632287048e-01
8.743718592964823344e+00 -1.803175429948125075e+00 1.646757414607761261e-01
8.793969849246231263e+00 -1.696847900322589364e+00 1.644074081412717492e-01
8.844221105527637405e+00 -1.586577756109577519e+00 1.643231881455110566e-01
8.894472361809045324e+00 -1.472837536761446131e+00 1.644650820914402289e-01
8.944723618090451467e+00 -1.356112034623111251e+00 1.648859130457102085e-01
8.994974874371859386e+00 -1.236895547307794496e+00 1.656503124605293309e-01
9.045226130653265528e+00 -1.115689077542551422e+00 1.668350386527871210e-01
9.095477386934673447e+00 -9.929975013702097009e-01 1.685283779785010372e-01
9.145728643216079590e+00 -8.693267258500104733e-01 1.708284143924057863e-01
9.195979899497487509e+00 -7.451808574541611829e-01 1.738400514303327926e-01
9.246231155778893651e+00 -6.210594022119577673e-01 1.776708383484215947e-01
9.296482412060301570e+00 -4.974545183081101052e-01 1.824258709079606688e-01
9.346733668341707713e+00 -3.748483413027486333e-01 1.882022573120689657e-01
9.396984924623115631e+00 -2.537104014121566720e-01 1.950837892638633275e-01
9.447236180904521774e+00 -1.344951513816959598e-01 2.031364718907041345e-01
9.497487437185929693e+00 -1.763962240454339941e-02 2.124054216779844295e-01
9.547738693467335835e+00 9.643877569440192921e-02 2.229133774484582386e-01
9.597989949748743754e+00 2.073442951679198842e-01 2.346607716616816441e-01
9.648241206030149897e+00 3.147047186125430107e-01 2.476270693604006867e-01
9.698492462311557816e+00 4.181730430704097001e-01 2.617729560521537824e-01
9.748743718592963958e+00 5.174289699538812126e-01 2.770429483957264627e-01
9.798994974874371877e+00 6.121801925619480000e-01 2.933680785036394401e-01
9.849246231155778020e+00 7.021634747931728704e-01 3.106684164474712850e-01
9.899497487437185939e+00 7.871455165304861445e-01 3.288553068024598347e-01
9.949748743718592081e+00 8.669236030576604746e-01 3.478332816999205046e-01
1.000000000000000000e+01 9.413260377467717044e-01 3.675016686838043500e-01
