6.216331920114615883e+00 2.728136490429819427e-01 3.202267763646127752e-01
9.533859702144205528e+00 4.786341643703272419e-01 3.270702428944378681e-01
8.458381118663421461e+00 -2.825352825776940691e+00 4.456792142709934401e-01
9.731929692268655785e+00 -3.895828964870751143e-02 4.819608527792094699e-01
6.083324395261451301e+00 9.341023237037343607e-01 3.737437388333446076e-01
1.874933314275772922e+00 -9.525693585033179200e-01 3.151789709544308149e-01
1.177954648823931194e+00 -8.684601796958461017e-01 4.207448167415319129e-01
8.930080942744332617e+00 -1.344527085810236278e+00 2.768697763642769538e-01
8.754778915736745049e+00 -2.056249465027727208e+00 4.966033175217983153e-01
6.820579249888936602e+00 -4.448949014785710254e-01 5.477247204817572435e-01

