0.000000000000000000e+00 7.880951269672626935e-01 3.698593127448669415e-01
5.025125628140703765e-02 7.856543673679314832e-01 3.466791841145591135e-01
1.005025125628140753e-01 7.814624320413304792e-01 3.246956778851954883e-01
1.507537688442210921e-01 7.754678257862557267e-01 3.039703148815197098e-01
2.010050251256281506e-01 7.676234584624848090e-01 2.845628248316428022e-01
2.512562814070351536e-01 7.578869545547024522e-01 2.665301985100024251e-01
3.015075376884421843e-01 7.462209487077793302e-01 2.499251829268542002e-01
3.517587939698492705e-01 7.325933655420661106e-01 2.347940741454034586e-01
4.020100502512563012e-01 7.169776821404280076e-01 2.211737154983454412e-01
4.522613065326633319e-01 6.993531716932324116e-01 2.090877332693389934e-01
5.025125628140703071e-01 6.797051268924289014e-01 1.985422494656486070e-01
5.527638190954773378e-01 6.580250617802460011e-01 1.895215808260361789e-01
6.030150753768843686e-01 6.343108908809211854e-01 1.819846902237000352e-01
6.532663316582915103e-01 6.085670845741872892e-01 1.758632779835946902e-01
7.035175879396985410e-01 5.808047998055483330e-01 1.710622641007395750e-01
7.537688442211055717e-01 5.510419853697077208e-01 1.674629815091632501e-01
8.040201005025126024e-01 5.193034611485197738e-01 1.649287869902281156e-01
8.542713567839196331e-01 4.856209708322991592e-01 1.633122298962893792e-01
9.045226130653266639e-01 4.500332078015062964e-01 1.624626232363206857e-01
9.547738693467336946e-01 4.125858139945001724e-01 1.622329242687260420e-01
1.005025125628140614e+00 3.733313517336104836e-01 1.624851702234315354e-01
1.055276381909547645e+00 3.323292486261260059e-01 1.630941529502598630e-01
1.105527638190954676e+00 2.896457157973137964e-01 1.639493935325599394e-01
1.155778894472361706e+00 2.453536398480666847e-01 1.649557129964258906e-01
1.206030150753768737e+00 1.995324490596198375e-01 1.660327858756742714e-01
1.256281407035175990e+00 1.522679544905687909e-01 1.671140508231938049e-01
1.306532663316583021e+00 1.036521667268603397e-01 1.681452861424537204e-01
1.356783919597990051e+00 5.378308915239899540e-02 1.690830761447915942e-01
1.407035175879397082e+00 2.764488706011245835e-03 1.698933186679976726e-01
1.457286432160804113e+00 -4.929435482098121907e-02 1.705498640428343149e-01
1.507537688442211143e+00 -1.022789198132705440e-01 1.710333325418724459e-01
1.557788944723618174e+00 -1.560697329841956582e-01 1.713301284885079268e-01
1.608040201005025205e+00 -2.105426773918696315e-01 1.714316512546030513e-01
1.658291457286432236e+00 -2.655693170099350242e-01 1.713336930304820704e-01
1.708542713567839266e+00 -3.210172365055736776e-01 1.710360078615467405e-01
1.758793969849246297e+00 -3.767503948494340116e-01 1.705420340610246388e-01
1.809045226130653328e+00 -4.326294913633623729e-01 1.698587513575904595e-01
1.859296482412060358e+00 -4.885123428025543446e-01 1.689966540673226436e-01
1.909547738693467389e+00 -5.442542700683254964e-01 1.679698215135151385e-01
1.959798994974874420e+00 -5.997084931555077825e-01 1.667960663395510745e-01
2.010050251256281229e+00 -6.547265329542133472e-01 1.654971398460317877e-01
2.060301507537688259e+00 -7.091586185482314786e-01 1.640989706688799898e-01
2.110552763819095290e+00 -7.628540986816945146e-01 1.626319087087225446e-01
2.160804020100502321e+00 -8.156618561002620948e-01 1.611309400680059067e-01
2.211055276381909351e+00 -8.674307235131935023e-01 1.596358309654764274e-01
2.261306532663316382e+00 -9.180098999666985726e-01 1.581911497595267224e-01
2.311557788944723413e+00 -9.672493664667456414e-01 1.568461076376708729e-01
2.361809045226130443e+00 -1.015000299740075551e+00 1.556541525215793254e-01
2.412060301507537474e+00 -1.061115483075005139e+00 1.546722507131511049e-01
2.462311557788944505e+00 -1.105449713237760756e+00 1.539598010541280149e-01
2.512562814070351980e+00 -1.147860202515510242e+00 1.535771511667899936e-01
2.562814070351759010e+00 -1.188206974992499942e+00 1.535837272490110650e-01
2.613065326633166041e+00 -1.226353256221309085e+00 1.540358464361502033e-01
2.663316582914573072e+00 -1.262165855505593015e+00 1.549843462883939704e-01
2.713567839195980103e+00 -1.295515540064453130e+00 1.564722253296711163e-01
2.763819095477387133e+00 -1.326277400400432738e+00 1.585325237697997880e-01
2.814070351758794164e+00 -1.354331206243401642e+00 1.611866689364683525e-01
2.864321608040201195e+00 -1.379561752490713555e+00 1.644434596024430817e-01
2.914572864321608225e+00 -1.401859194609742731e+00 1.682987757730796119e-01
2.964824120603015256e+00 -1.421119373012264431e+00 1.727359969060704159e-01
3.015075376884422287e+00 -1.437244125950691842e+00 1.777270183224672895e-01
3.065326633165829318e+00 -1.450141590524084201e+00 1.832336939860880476e-01
3.115577889447236348e+00 -1.459726491416797334e+00 1.892095129331936576e-01
3.165829145728643379e+00 -1.465920417024841216e+00 1.956013323846305663e-01
3.216080402010050410e+00 -1.468652082654156033e+00 2.023510302974162456e-01
3.266331658291457440e+00 -1.467857580501277015e+00 2.093969889336099732e-01
3.316582914572864471e+00 -1.463480616150205860e+00 2.166753669061221299e-01
3.366834170854271502e+00 -1.455472731339507053e+00 2.241211531258821554e-01
3.417085427135678533e+00 -1.443793512771323950e+00 2.316690199343500733e-01
3.467336683417085563e+00 -1.428410786748061767e+00 2.392540055253462583e-01
3.517587939698492594e+00 -1.409300799434309193e+00 2.468120601527396818e-01
3.567839195979899625e+00 -1.386448382549756442e+00 2.542804894745001598e-01
3.618090452261306655e+00 -1.359847104304540810e+00 2.615983241640350010e-01
3.668341708542713686e+00 -1.329499405390793587e+00 2.687066394191453544e-01
3.718592964824120717e+00 -1.295416719843487607e+00 2.755488423614995130e-01
3.768844221105527748e+00 -1.257619580580064289e+00 2.820709401778351832e-01
3.819095477386934778e+00 -1.216137709421365454e+00 2.882217974892926637e-01
3.869346733668341809e+00 -1.171010091386385676e+00 2.939533879130082350e-01
3.919597989949748840e+00 -1.122285033040183011e+00 2.992210420490511447e-01
3.969849246231155870e+00 -1.070020204657874174e+00 3.039836920831059941e-01
4.020100502512562457e+00 -1.014282665948236684e+00 3.082041117229640803e-01
4.070351758793969488e+00 -9.551488750578119857e-01 3.118491491740606469e-01
4.120603015075376518e+00 -8.927046805508891403e-01 3.148899502080788615e-01
4.170854271356783549e+00 -8.270452960326589720e-01 3.173021680091093755e-01
4.221105527638190580e+00 -7.582752570517254931e-01 3.190661563290033698e-01
4.271356783919597611e+00 -6.865083598852909086e-01 3.201671424961479717e-01
4.321608040201004641e+00 -6.118675817752846635e-01 3.205953769586574187e-01
4.371859296482411672e+00 -5.344849821472092977e-01 3.203462562707997119e-01
4.422110552763818703e+00 -4.545015843062333860e-01 3.194204167221846302e-01
4.472361809045225733e+00 -3.720672370673390739e-01 3.178237961375991460e-01
4.522613065326632764e+00 -2.873404557393365311e-01 3.155676617180266375e-01
4.572864321608039795e+00 -2.004882418463465876e-01 3.126686021258339720e-01
4.623115577889446826e+00 -1.116858809368523747e-01 3.091484823140555616e-01
4.673366834170853856e+00 -2.111671779962185844e-02 3.050343598321789695e-01
4.723618090452260887e+00 7.102809162036863300e-02 3.003583614763978837e-01
4.773869346733667918e+00 1.645498523341571429e-01 2.951575191540082299e-01
4.824120603015074948e+00 2.592426271913328417e-01 2.894735636572612902e-01
4.874371859296481979e+00 3.548935592817312190e-01 2.833526746468100765e-01
4.924623115577889010e+00 4.512832206023647541e-01 2.768451844827197195e-01
4.974874371859296041e+00 5.481859877223902444e-01 2.700052325721201130e-01
5.025125628140703959e+00 6.453704451536722564e-01 2.628903656034407565e-01
5.075376884422110990e+00 7.425998170963578060e-01 2.555610774198786017e-01
5.125628140703518021e+00 8.396324281761184949e-01 2.480802804229550740e-01
5.175879396984925052e+00 9.362221937210849498e-01 2.405126984658757516e-01
5.226130653266332082e+00 1.032119140041746652e+00 2.329241695203099760e-01
5.276381909547739113e+00 1.127069955073983998e+00 2.253808455076379003e-01
5.326633165829146144e+00 1.220818569624158023e+00 2.179482773515509231e-01
5.376884422110553174e+00 1.313106769314608346e+00 2.106903765598703848e-01
5.427135678391960205e+00 1.403674837167737000e+00 2.036682516772035656e-01
5.477386934673367236e+00 1.492262226586819951e+00 1.969389299135118065e-01
5.527638190954774267e+00 1.578608264291727181e+00 1.905539918315213299e-01
5.577889447236181297e+00 1.662452882548607791e+00 1.845581697954269684e-01
5.628140703517588328e+00 1.743537379793997255e+00 1.789879868485204084e-01
5.678391959798995359e+00 1.821605208497752315e+00 1.738705375255465146e-01
5.728643216080402389e+00 1.896402788836032860e+00 1.692225295286526598e-01
5.778894472361809420e+00 1.967680346457239215e+00 1.650497080669476591e-01
5.829145728643216451e+00 2.035192772322301558e+00 1.613467672008951637e-01
5.879396984924623482e+00 2.098700502287816239e+00 1.580978130072873689e-01
5.929648241206030512e+00 2.157970413779379371e+00 1.552773860508643022e-01
5.979899497487437543e+00 2.212776736575445824e+00 1.528519857271836979e-01
6.030150753768844574e+00 2.262901974392540261e+00 1.507819800874903859e-01
6.080402010050251604e+00 2.308137833634029246e+00 1.490237443499005110e-01
6.130653266331658635e+00 2.348286155340799652e+00 1.475318568850428891e-01
6.180904522613065666e+00 2.383159846066683851e+00 1.462611932901382028e-01
6.231155778894472697e+00 2.412583803098609536e+00 1.451687910799631109e-01
6.281407035175879727e+00 2.436395829155603820e+00 1.442153998902051537e-01
6.331658291457286758e+00 2.454447531435755003e+00 1.433666752223888008e-01
6.381909547738693789e+00 2.466605199641121793e+00 1.425940104565358302e-01
6.432160804020100819e+00 2.472750657400859975e+00 1.418750283961417447e-01
6.482412060301507850e+00 2.472782081337638438e+00 1.411937694214006334e-01
6.532663316582914881e+00 2.466614781885055674e+00 1.405406199711786430e-01
6.582914572864321912e+00 2.454181939868922413e+00 1.399120251078805888e-01
6.633165829145728942e+00 2.435435292815789410e+00 1.393100250297002185e-01
6.683417085427135973e+00 2.410345764952253056e+00 1.387416498948577659e-01
6.733668341708543004e+00 2.378904034910455767e+00 1.382182019516455806e-01
6.783919597989950034e+00 2.341121035261907402e+00 1.377544498750533086e-01
6.834170854271357065e+00 2.297028378165259621e+00 1.373677580142436683e-01
6.884422110552764096e+00 2.246678701634930775e+00 1.370771731117773895e-01
6.934673366834171127e+00 2.190145931218403508e+00 1.369024927087739707e-01
6.984924623115578157e+00 2.127525452209950263e+00 1.368633422726985849e-01
7.035175879396985188e+00 2.058934187927189186e+00 1.369782911393321867e-01
7.085427135678392219e+00 1.984510580034425820e+00 1.372640395196262353e-01
7.135678391959799249e+00 1.904414467409042189e+00 1.377347089532940938e-01
7.185929648241206280e+00 1.818826860614357388e+00 1.384012658108570437e-01
7.236180904522613311e+00 1.727949609659467534e+00 1.392711013597001946e-01
7.286432160804020342e+00 1.632004963390147445e+00 1.403477827941454759e-01
7.336683417085427372e+00 1.531235019560818422e+00 1.416309784365735736e-01
7.386934673366834403e+00 1.425901065380130728e+00 1.431165485116985547e-01
7.437185929648241434e+00 1.316282809096061435e+00 1.447967821227447716e-01
7.487437185929648464e+00 1.202677503984687313e+00 1.466607527657755317e-01
7.537688442211055495e+00 1.085398966922548780e+00 1.486947598390806480e-01
7.587939698492462526e+00 9.647764945483220389e-01 1.508828224015627550e-01
7.638190954773869557e+00 8.411536808486818062e-01 1.532071935300149679e-01
7.688442211055276587e+00 7.148871408263489657e-01 1.556488681851290190e-01
7.738693467336683618e+00 5.863451457182644599e-01 1.581880634773002170e-01
7.788944723618090649e+00 4.559061760200226465e-01 1.608046566152513401e-01
7.839195979899497679e+00 3.239573993306139044e-01 1.634785718113219155e-01
7.889447236180904710e+00 1.908930807514349071e-01 1.661901124736747670e-01
7.939698492462311741e+00 5.711293424689157378e-02 1.689202388825533085e-01
7.989949748743718771e+00 -7.697957600652025056e-02 1.716507941981575136e-01
8.040201005025124914e+00 -2.109789746974471969e-01 1.743646832116076961e-01
8.090452261306532833e+00 -3.444795448081498512e-01 1.770460089432723538e-01
8.140703517587938975e+00 -4.770771169031463033e-01 1.796801722599934148e-01
8.190954773869346894e+00 -6.083708674517132042e-01 1.822539393605968339e-01
8.241206030150753037e+00 -7.379651151065522718e-01 1.847554814724476357e-01
8.291457286432160956e+00 -8.654711036995544893e-01 1.871743905753502912e-01
8.341708542713567098e+00 -9.905087606451892235e-01 1.895016745460908203e-01
8.391959798994975017e+00 -1.112708419467018706e+00 1.917297348816140723e-01
8.442211055276381160e+00 -1.231712495282223596e+00 1.938523301630789841e-01
8.492462311557789079e+00 -1.347177102295598727e+00 1.958645286900555227e-01
8.542713567839195221e+00 -1.458773602664707125e+00 1.977626542432749379e-01
8.592964824120603140e+00 -1.566190076502882222e+00 1.995442297050819269e-01
8.643216080402009283e+00 -1.669132703281247521e+00 2.012079242400512946e-01
8.693467336683417201e+00 -1.767327045472885994e+00 2.027535108597364466e-01
8.743718592964823344e+00 -1.860519225946079436e+00 2.041818423958467466e-01
8.793969849246231263e+00 -1.948476991354107346e+00 2.054948551025322090e-01
8.844221105527637405e+00 -2.030990654579153176e+00 2.066956102055970967e-01
8.894472361809045324e+00 -2.107873910161524034e+00 2.077883846056906569e-01
8.944723618090451467e+00 -2.178964517572913095e+00 2.087788225016345145e-01
8.994974874371859386e+00 -2.244124848167087016e+00 2.096741597884068109e-01
9.045226130653265528e+00 -2.303242292652389889e+00 2.104835325367570287e-01
9.095477386934673447e+00 -2.356229526969828569e+00 2.112183794797012626e-01
9.145728643216079590e+00 -2.403024635517030827e+00 2.118929459677051097e-01
9.195979899497487509e+00 -2.443591091723278819e+00 2.125248930022244631e-01
9.246231155778893651e+00 -2.477917597042916142e+00 2.131360093391206634e-01
9.296482412060301570e+00 -2.506017780484809609e+00 2.137530168272871733e-01
9.346733668341707713e+00 -2.527929761822896193e+00 2.144084486485185181e-01
9.396984924623115631e+00 -2.543715582629238359e+00 2.151415665546247413e-01
9.447236180904521774e+00 -2.553460510225324054e+00 2.159992664143080832e-01
9.497487437185929693e+00 -2.557272220552545328e+00 2.170369017907041731e-01
9.547738693467335835e+00 -2.555279866809242684e+00 2.183189342444996905e-01
9.597989949748743754e+00 -2.547633041482792127e+00 2.199192994202302798e-01
9.648241206030149897e+00 -2.534500640113674041e+00 2.219213643867275487e-01
9.698492462311557816e+00 -2.516069635758528822e+00 2.244173506527950834e-01
9.748743718592963958e+00 -2.492543773665508056e+00 2.275071162316118500e-01
9.798994974874371877e+00 -2.464142196134067042e+00 2.312962354655682118e-01
9.849246231155778020e+00 -2.431098007898834901e+00 2.358933890854722493e-01
9.899497487437185939e+00 -2.393656792651811749e+00 2.414071732423261341e-01
9.949748743718592081e+00 -2.352075091497163761e+00 2.479425390404510210e-01
1.000000000000000000e+01 -2.306618854218122738e+00 2.555971591014841726e-01
