0.000000000000000000e+00 7.656936089890379327e-01 4.264171464966352576e-01
2.040816326530612290e-01 7.741009953829027790e-01 3.179534367518642157e-01
4.081632653061224580e-01 7.450573359075990387e-01 2.439869060165379411e-01
6.122448979591836871e-01 6.749619209311452650e-01 2.035287563275528788e-01
8.163265306122449161e-01 5.627392474544453682e-01 1.872013949240203257e-01
1.020408163265306145e+00 4.101986503677696461e-01 1.837837780863433579e-01
1.224489795918367374e+00 2.220934693952559824e-01 1.861989309179616359e-01
1.428571428571428603e+00 5.897041377742094984e-03 1.900300711165499867e-01
1.632653061224489832e+00 -2.287520829387754417e-01 1.916248339454705296e-01
1.836734693877551061e+00 -4.708813946250878790e-01 1.889258107241190143e-01
2.040816326530612290e+00 -7.072394955409472272e-01 1.824020871119658160e-01
2.244897959183673297e+00 -9.306139981123339178e-01 1.753759015488259576e-01
2.448979591836734748e+00 -1.129017308327649571e+00 1.715986592955479340e-01
2.653061224489795755e+00 -1.293468274046011501e+00 1.743201196493044391e-01
2.857142857142857206e+00 -1.416201284281935369e+00 1.843608989605303450e-01
3.061224489795918213e+00 -1.490723435168079369e+00 2.008534003969413562e-01
3.265306122448979664e+00 -1.511979747444591071e+00 2.235029743392121515e-01
3.469387755102040671e+00 -1.476467919268162454e+00 2.542383835415411575e-01
3.673469387755102122e+00 -1.382158971575067063e+00 2.957050036018317174e-01
3.877551020408163129e+00 -1.228596070149811981e+00 3.457226718923862574e-01
4.081632653061224580e+00 -1.016983222318236457e+00 3.974834151181168562e-01
4.285714285714285587e+00 -7.504530445339675504e-01 4.422279307387045888e-01
4.489795918367346594e+00 -4.339566754950811567e-01 4.719522264296907577e-01
4.693877551020408490e+00 -7.622432257054487237e-02 4.808690160900406241e-01
4.897959183673469497e+00 3.117426631744050214e-01 4.656937133862072975e-01
5.102040816326530503e+00 7.177894250551539734e-01 4.304781100264647442e-01
5.306122448979591510e+00 1.122865751342438045e+00 3.751573708754686320e-01
5.510204081632653406e+00 1.509643114261032482e+00 3.099194636195994335e-01
5.714285714285714413e+00 1.857483317991817540e+00 2.437253556087522477e-01
5.918367346938775420e+00 2.144441622338434161e+00 1.877757961213591953e-01
6.122448979591836427e+00 2.352034338812848180e+00 1.569088954515189538e-01
6.326530612244898322e+00 2.464582620539514490e+00 1.555320745522331405e-01
6.530612244897959329e+00 2.471495693844375729e+00 1.688703564693625758e-01
6.734693877551020336e+00 2.368130520566436470e+00 1.805030380898077214e-01
6.938775510204081343e+00 2.157777373575440194e+00 1.835789132437321003e-01
7.142857142857143238e+00 1.850715315095514901e+00 1.814541571889846383e-01
7.346938775510204245e+00 1.461625377452280938e+00 1.827863290845979372e-01
7.551020408163265252e+00 1.010876742868007661e+00 1.936324831873025287e-01
7.755102040816326259e+00 5.209812285010446686e-01 2.121943658008287881e-01
7.959183673469388154e+00 1.506914890484272081e-02 2.318862125454029255e-01
8.163265306122449161e+00 -4.846876579678903729e-01 2.477383346296567479e-01
8.367346938775510168e+00 -9.586909542036924359e-01 2.597629620857156985e-01
8.571428571428571175e+00 -1.389175719721074787e+00 2.673893475351162841e-01
8.775510204081632182e+00 -1.763035594103691928e+00 2.713296914442479557e-01
8.979591836734693189e+00 -2.070296696792488067e+00 2.696560629201860682e-01
9.183673469387755972e+00 -2.304543838804816946e+00 2.630389592729858728e-01
9.387755102040816979e+00 -2.462846259407079241e+00 2.617978701681095699e-01
9.591836734693877986e+00 -2.545676479442599671e+00 2.885841953920101899e-01
9.795918367346938993e+00 -2.556755122680130388e+00 3.632763790351813959e-01
1.000000000000000000e+01 -2.503410594569521752e+00 4.839057313606277000e-01
