0.000000000000000000e+00
2.040816326530612290e-01
4.081632653061224580e-01
6.122448979591836871e-01
8.163265306122449161e-01
1.020408163265306145e+00
1.224489795918367374e+00
1.428571428571428603e+00
1.632653061224489832e+00
1.836734693877551061e+00
2.040816326530612290e+00
2.244897959183673297e+00
2.448979591836734748e+00
2.653061224489795755e+00
2.857142857142857206e+00
3.061224489795918213e+00
3.265306122448979664e+00
3.469387755102040671e+00
3.673469387755102122e+00
3.877551020408163129e+00
4.081632653061224580e+00
4.285714285714285587e+00
4.489795918367346594e+00
4.693877551020408490e+00
4.897959183673469497e+00
5.102040816326530503e+00
5.306122448979591510e+00
5.510204081632653406e+00
5.714285714285714413e+00
5.918367346938775420e+00
6.122448979591836427e+00
6.326530612244898322e+00
6.530612244897959329e+00
6.734693877551020336e+00
6.938775510204081343e+00
7.142857142857143238e+00
7.346938775510204245e+00
7.551020408163265252e+00
7.755102040816326259e+00
7.959183673469388154e+00
8.163265306122449161e+00
8.367346938775510168e+00
8.571428571428571175e+00
8.775510204081632182e+00
8.979591836734693189e+00
9.183673469387755972e+00
9.387755102040816979e+00
9.591836734693877986e+00
9.795918367346938993e+00
1.000000000000000000e+01
