0.000000000000000000e+00 -6.900172467665862674e-01 8.007265826101371831e-01
2.040816326530612290e-01 -7.684769810492740882e-01 7.780744636607480613e-01
4.081632653061224580e-01 -8.089509785297107625e-01 7.381459517240614998e-01
6.122448979591836871e-01 -8.112099760337165844e-01 6.778631258561673700e-01
8.163265306122449161e-01 -7.677685145020255453e-01 6.033981836277332311e-01
1.020408163265306145e+00 -6.794352555547586991e-01 5.203439188121776748e-01
1.224489795918367374e+00 -5.493068517353464353e-01 4.498862890988432617e-01
1.428571428571428603e+00 -3.823657712750914706e-01 4.055125347668223634e-01
1.632653061224489832e+00 -1.865714008255896783e-01 3.898154309708287690e-01
1.836734693877551061e+00 2.898671636080145386e-02 3.877861808952059453e-01
2.040816326530612290e+00 2.567354064807410574e-01 3.821334550299565480e-01
2.244897959183673297e+00 4.892163840052312640e-01 3.704315700150079271e-01
2.448979591836734748e+00 7.190649566901802237e-01 3.625515563359818505e-01
2.653061224489795755e+00 9.346364173191715752e-01 3.698725103408131987e-01
2.857142857142857206e+00 1.129885530378153202e+00 3.903222658076931362e-01
3.061224489795918213e+00 1.294842146633846225e+00 4.084332005167763402e-01
3.265306122448979664e+00 1.419914970065873971e+00 4.110004324168904932e-01
3.469387755102040671e+00 1.496135047222132641e+00 4.007446055592004397e-01
3.673469387755102122e+00 1.514882637250086095e+00 3.978805217612568779e-01
3.877551020408163129e+00 1.471244577851380297e+00 4.212132493283154977e-01
4.081632653061224580e+00 1.360671000165950328e+00 4.685816142164117015e-01
4.285714285714285587e+00 1.180945292310339179e+00 5.134471677144027968e-01
4.489795918367346594e+00 9.319311629084801041e-01 5.300397150313461703e-01
4.693877551020408490e+00 6.202996623346647143e-01 5.046194380229145349e-01
4.897959183673469497e+00 2.554410859295455083e-01 4.439861597332995236e-01
5.102040816326530503e+00 -1.498819106000127688e-01 3.724742141247033289e-01
5.306122448979591510e+00 -5.805220055923197009e-01 3.250155148487953727e-01
5.510204081632653406e+00 -1.015632906639847510e+00 3.324621706025722712e-01
5.714285714285714413e+00 -1.430257140451330455e+00 3.695722239003088605e-01
5.918367346938775420e+00 -1.803333428645549352e+00 3.940204392300938330e-01
6.122448979591836427e+00 -2.113121963560955940e+00 3.893189210333624639e-01
6.326530612244898322e+00 -2.338140244403335455e+00 3.602992552568972662e-01
6.530612244897959329e+00 -2.459576203640720937e+00 3.289029893501722590e-01
6.734693877551020336e+00 -2.466967200547355521e+00 3.131654427568412724e-01
6.938775510204081343e+00 -2.351313893309229908e+00 3.099820686485170729e-01
7.142857142857143238e+00 -2.110926253084702164e+00 3.080850359008324157e-01
7.346938775510204245e+00 -1.746926568292109794e+00 3.066437634656957734e-01
7.551020408163265252e+00 -1.273306377499679565e+00 3.059619982951454209e-01
7.755102040816326259e+00 -7.118675412475444775e-01 3.043758729445422140e-01
7.959183673469388154e+00 -9.379019007075668768e-02 2.996199090438728119e-01
8.163265306122449161e+00 5.416314054695942071e-01 2.953509911815036526e-01
8.367346938775510168e+00 1.149198168526768260e+00 3.056707201739167212e-01
8.571428571428571175e+00 1.681816847730454256e+00 3.311786467052591498e-01
8.775510204081632182e+00 2.100737434917133051e+00 3.540028313559743234e-01
8.979591836734693189e+00 2.374138169214827787e+00 3.631560505251125726e-01
9.183673469387755972e+00 2.487402214627336239e+00 3.780144408001002154e-01
9.387755102040816979e+00 2.442602034376302189e+00 4.379619144195305291e-01
9.591836734693877986e+00 2.251011379422011238e+00 5.496647317403399180e-01
9.795918367346938993e+00 1.946316895173898276e+00 6.786358069591380549e-01
1.000000000000000000e+01 1.563567702405568083e+00 7.882243961560182477e-01
