0.000000000000000000e+00 -4.531016494772808767e-01 1.208503605231176392e+00
2.040816326530612290e-01 -3.025957146610535609e-01 1.098642044525264039e+00
4.081632653061224580e-01 -1.154264509653835369e-01 1.023020995497564867e+00
6.122448979591836871e-01 1.001505550285022583e-01 9.917778120496009153e-01
8.163265306122449161e-01 3.216971746418298972e-01 9.859336422018246671e-01
1.020408163265306145e+00 5.382186540406838082e-01 9.826187734221074610e-01
1.224489795918367374e+00 7.319174489195992006e-01 9.592950240971718223e-01
1.428571428571428603e+00 8.922382925847510693e-01 9.048238373778134669e-01
1.632653061224489832e+00 1.013348683173848519e+00 8.256313570607115571e-01
1.836734693877551061e+00 1.094350709425386370e+00 7.554284468024554666e-01
2.040816326530612290e+00 1.133890603708994860e+00 7.377296338336947201e-01
2.244897959183673297e+00 1.134406038955704465e+00 7.752659149930208882e-01
2.448979591836734748e+00 1.095755882440047735e+00 8.201025572633952043e-01
2.653061224489795755e+00 1.016138659281993650e+00 8.311310444196373659e-01
2.857142857142857206e+00 8.906320734625274849e-01 8.069492637675474977e-01
3.061224489795918213e+00 7.188912057443294090e-01 7.848872894627508812e-01
3.265306122448979664e+00 5.014639686463773227e-01 8.134594676524427026e-01
3.469387755102040671e+00 2.417848766665934290e-01 8.940569506934095134e-01
3.673469387755102122e+00 -5.367338296591420838e-02 9.721518649927415323e-01
3.877551020408163129e+00 -3.754282940168483518e-01 9.928610800209269893e-01
4.081632653061224580e+00 -7.121831239949707459e-01 9.390849950783456412e-01
4.285714285714285587e+00 -1.051181801554097461e+00 8.437388667221120686e-01
4.489795918367346594e+00 -1.375558107337351510e+00 7.797689460226113756e-01
4.693877551020408490e+00 -1.665883649961295232e+00 8.104264163350453076e-01
4.897959183673469497e+00 -1.902967938114431989e+00 9.012194807111858497e-01
5.102040816326530503e+00 -2.066072630768839069e+00 9.779437954760997753e-01
5.306122448979591510e+00 -2.136953678407189638e+00 9.821604888130017752e-01
5.510204081632653406e+00 -2.101342179196942439e+00 8.971002586790874922e-01
5.714285714285714413e+00 -1.952457208319569260e+00 7.600548179361114043e-01
5.918367346938775420e+00 -1.690339619917115899e+00 6.573090186528660617e-01
6.122448979591836427e+00 -1.323111704405286249e+00 6.605737066783433642e-01
6.326530612244898322e+00 -8.635939661663630806e-01 7.199145974277826321e-01
6.530612244897959329e+00 -3.293292136696571171e-01 7.445846843699754913e-01
6.734693877551020336e+00 2.566490471822155950e-01 7.167488579171829022e-01
6.938775510204081343e+00 8.746574020416568729e-01 6.748611758529262650e-01
7.142857142857143238e+00 1.491836823002404389e+00 6.633282179760346953e-01
7.346938775510204245e+00 2.065805888531287771e+00 6.710070735312279044e-01
7.551020408163265252e+00 2.557578551796430233e+00 6.692339845594562631e-01
7.755102040816326259e+00 2.920834328212175812e+00 6.591140322580242294e-01
7.959183673469388154e+00 3.108347857203157094e+00 6.789179665779387918e-01
8.163265306122449161e+00 3.084548138603965040e+00 7.246523087477197977e-01
8.367346938775510168e+00 2.833216517543797774e+00 7.416482588392442343e-01
8.571428571428571175e+00 2.364109988665350048e+00 7.055829415498272583e-01
8.775510204081632182e+00 1.715496412356785294e+00 6.829267691468740020e-01
8.979591836734693189e+00 9.524931676388769253e-01 7.769163252006971998e-01
9.183673469387755972e+00 1.539094681577434509e-01 9.515919838759403504e-01
9.387755102040816979e+00 -5.977145766847905550e-01 1.087013466190961841e+00
9.591836734693877986e+00 -1.237837908300292611e+00 1.119596622080510695e+00
9.795918367346938993e+00 -1.715941261606588109e+00 1.067002604199059679e+00
1.000000000000000000e+01 -2.007730486097826894e+00 1.014281127960922291e+00
