0.000000000000000000e+00 -2.527358791128175505e-02 6.880523122602484332e-01
2.040816326530612290e-01 -1.745214347972302293e-01 5.789214458646509964e-01
4.081632653061224580e-01 -3.370035039183774117e-01 4.718716524777233357e-01
6.122448979591836871e-01 -5.031916979597759187e-01 3.752669735871992374e-01
8.163265306122449161e-01 -6.651325157326305471e-01 2.981938285298855185e-01
1.020408163265306145e+00 -8.135539529157035377e-01 2.439539046665977762e-01
1.224489795918367374e+00 -9.390304226820398448e-01 2.090670621985462330e-01
1.428571428571428603e+00 -1.034767635713029987e+00 1.882105387815413977e-01
1.632653061224489832e+00 -1.093419003406823187e+00 1.772912086077243765e-01
1.836734693877551061e+00 -1.110023863461043314e+00 1.767227232328383024e-01
2.040816326530612290e+00 -1.080939872245116007e+00 1.873977151120213291e-01
2.244897959183673297e+00 -1.004705206332356937e+00 2.056109778572604574e-01
2.448979591836734748e+00 -8.816582574724521892e-01 2.257314137398218623e-01
2.653061224489795755e+00 -7.133762033685847603e-01 2.430616048362555515e-01
2.857142857142857206e+00 -5.024652452177744699e-01 2.573287347444339068e-01
3.061224489795918213e+00 -2.546001034054185541e-01 2.701531918220441697e-01
3.265306122448979664e+00 2.302595751507830260e-02 2.819348317777052304e-01
3.469387755102040671e+00 3.213709950713153352e-01 2.898891464673211682e-01
3.673469387755102122e+00 6.294548994932429586e-01 2.890606844982768209e-01
3.877551020408163129e+00 9.354684510028823397e-01 2.748954466498101379e-01
4.081632653061224580e+00 1.225715821694415730e+00 2.491027442374169898e-01
4.285714285714285587e+00 1.486564503889241218e+00 2.222294685740425213e-01
4.489795918367346594e+00 1.703513809352483088e+00 2.114718509384639622e-01
4.693877551020408490e+00 1.863275968635749846e+00 2.259441559496129792e-01
4.897959183673469497e+00 1.953753962353105722e+00 2.554422011479730026e-01
5.102040816326530503e+00 1.965207994328629804e+00 2.813464696047762725e-01
5.306122448979591510e+00 1.891014541604118415e+00 2.907330987946736833e-01
5.510204081632653406e+00 1.728382673571245309e+00 2.807675331362661786e-01
5.714285714285714413e+00 1.478054111061887665e+00 2.533695039953866579e-01
5.918367346938775420e+00 1.147049520008662782e+00 2.192682299665584811e-01
6.122448979591836427e+00 7.465566656398436862e-01 1.899753647421942582e-01
6.326530612244898322e+00 2.908719668082134779e-01 1.738281760820347965e-01
6.530612244897959329e+00 -2.006846815639122816e-01 1.693532888908263201e-01
6.734693877551020336e+00 -7.057847657244955553e-01 1.710532717329010521e-01
6.938775510204081343e+00 -1.200049873418237434e+00 1.746737756957469079e-01
7.142857142857143238e+00 -1.658448934534191732e+00 1.798244837334198598e-01
7.346938775510204245e+00 -2.053667748499924173e+00 1.852107340118058498e-01
7.551020408163265252e+00 -2.363452777291934037e+00 1.900697846816161163e-01
7.755102040816326259e+00 -2.567406830885319291e+00 1.932446931296004922e-01
7.959183673469388154e+00 -2.650379938642193345e+00 1.939607235147640663e-01
8.163265306122449161e+00 -2.604470805471460704e+00 1.908355565886148408e-01
8.367346938775510168e+00 -2.430979769649551869e+00 1.826528977059398151e-01
8.571428571428571175e+00 -2.140261310640119152e+00 1.720603732722983947e-01
8.775510204081632182e+00 -1.751713534355046065e+00 1.651876844252517240e-01
8.979591836734693189e+00 -1.292370175841638602e+00 1.690674327922117026e-01
9.183673469387755972e+00 -7.933412563343940072e-01 1.833417711324590582e-01
9.387755102040816979e+00 -2.868481848953854940e-01 2.055073844928707039e-01
9.591836734693877986e+00 1.935703253502316923e-01 2.429434093842156861e-01
9.795918367346938993e+00 6.238808119866415813e-01 3.084155344410285382e-01
1.000000000000000000e+01 9.822366386242301628e-01 4.078191726707502962e-01
