0.000000000000000000e+00 7.910794120514011984e-01 3.943897124666281839e-01
2.040816326530612290e-01 7.710314731528415955e-01 2.942680592070127110e-01
4.081632653061224580e-01 7.189896252422210976e-01 2.232311814429586982e-01
6.122448979591836871e-01 6.337880212485290654e-01 1.819920571056032887e-01
8.163265306122449161e-01 5.144277923393272278e-01 1.657010550153044659e-01
1.020408163265306145e+00 3.626308501765146408e-01 1.641686401665261863e-01
1.224489795918367374e+00 1.835512053977205460e-01 1.673472423138292753e-01
1.428571428571428603e+00 -1.885123678650449733e-02 1.704598855002477098e-01
1.632653061224489832e+00 -2.370659593795652331e-01 1.714230465472321996e-01
1.836734693877551061e+00 -4.625870167170152980e-01 1.692513208070276221e-01
2.040816326530612290e+00 -6.869266419944844992e-01 1.640817218167734126e-01
2.244897959183673297e+00 -9.006686891039111797e-01 1.576434630640499157e-01
2.448979591836734748e+00 -1.093795912715324059e+00 1.534105003178185822e-01
2.653061224489795755e+00 -1.257274248654745241e+00 1.554397710850175252e-01
2.857142857142857206e+00 -1.382005212143566864e+00 1.653952469929177715e-01
3.061224489795918213e+00 -1.459797025847747953e+00 1.834977831002697901e-01
3.265306122448979664e+00 -1.483814022220501627e+00 2.079920910949126789e-01
3.469387755102040671e+00 -1.448866086186594071e+00 2.366003202056425336e-01
3.673469387755102122e+00 -1.351750355435863860e+00 2.667189022291795442e-01
3.877551020408163129e+00 -1.191808575312273133e+00 2.949009430690139322e-01
4.081632653061224580e+00 -9.708519865985599795e-01 3.175806328207963491e-01
4.285714285714285587e+00 -6.933415283332997614e-01 3.306062176904325800e-01
4.489795918367346594e+00 -3.667197160121993260e-01 3.309406791161372818e-01
4.693877551020408490e+00 -1.755958133329524893e-03 3.181947682522632825e-01
4.897959183673469497e+00 3.887347349690998266e-01 2.939212651489396810e-01
5.102040816326530503e+00 7.896694218824235056e-01 2.616810971749612413e-01
5.306122448979591510e+00 1.184617150396471530e+00 2.265220163279190735e-01
5.510204081632653406e+00 1.555387405175739035e+00 1.945969930312681784e-01
5.714285714285714413e+00 1.884047752505592976e+00 1.708830053214661637e-01
5.918367346938775420e+00 2.153144747773228840e+00 1.560804816778418314e-01
6.122448979591836427e+00 2.347201429148871643e+00 1.481149627134281110e-01
6.326530612244898322e+00 2.453910952299577009e+00 1.435517225655082163e-01
6.530612244897959329e+00 2.463478270836760853e+00 1.405316456329437358e-01
6.734693877551020336e+00 2.371137927583133020e+00 1.390284535626229723e-01
6.938775510204081343e+00 2.175991560696519667e+00 1.385796966623803750e-01
7.142857142857143238e+00 1.883469267139495695e+00 1.403898093124605340e-01
7.346938775510204245e+00 1.503655320806447371e+00 1.445794970622556741e-01
7.551020408163265252e+00 1.051334875199336327e+00 1.508891525518571697e-01
7.755102040816326259e+00 5.462737258271559426e-01 1.594172444960210433e-01
7.959183673469388154e+00 1.184799571275027205e-02 1.697413544258216944e-01
8.163265306122449161e+00 -5.264578588315542707e-01 1.810761890845168087e-01
8.367346938775510168e+00 -1.042298235142469220e+00 1.922929419039991483e-01
8.571428571428571175e+00 -1.510012440712388049e+00 2.017729667517992320e-01
8.775510204081632182e+00 -1.908893301019303435e+00 2.089932323440627238e-01
8.979591836734693189e+00 -2.220171236025352712e+00 2.129823825285024896e-01
9.183673469387755972e+00 -2.433463763639049038e+00 2.148243136196970327e-01
9.387755102040816979e+00 -2.542206281915809996e+00 2.171966617243437925e-01
9.591836734693877986e+00 -2.551641402248056245e+00 2.216681403397170735e-01
9.795918367346938993e+00 -2.467902154187024966e+00 2.334471779001336955e-01
1.000000000000000000e+01 -2.302609759920202226e+00 2.594502531679650503e-01
